0         0         0.81837449900820835591        -3.4872511926475805892e-16    
0         1         0.28000967319134695277        -3.5753093044507954448e-17    
0         2         0.64303069738680951328        1.7103675452745886475e-16     
0         3         0.26786217558718616871        1.0561967655914080844e-16     
0         4         0.36208329072200529097        8.9175112554557207489e-17     
0         5         0.49127730665105684427        9.2288473935863673676e-17     
0         6         0.40596376713323917285        6.0483104051594517844e-18     
0         7         0.41912489511679934528        -1.0640850483233546423e-16    
0         8         0.44351038372426399015        -1.213806474017776162e-16     
0         9         0.33305777537436448421        -4.7858665086441574879e-17    
0         10        0.48898044783597055529        -3.5738991967664551063e-16    
0         11        0.23783667944375638803        -1.8362004165966592671e-16    
0         12        0.25471751349544213827        4.3688651729594310265e-16     
0         13        0.48852098676550542722        -3.1113761166913848272e-15    
0         14        0.308451209092442169          -2.7056295489201387885e-16    
0         15        0.59984084548051741503        -1.2623782685747674977e-15    
0         16        0.37918538565697140763        -9.4029612533424965687e-16    
0         17        0.46871239231748124121        -1.77891875010643977e-15      
0         18        0.49085664061282252568        -9.3886553300968838047e-16    
0         19        0.41438252167608030652        -1.2665178815417303332e-15    
0         20        0.19676668646698053378        -5.0889742779773436358e-16    
0         21        0.42496507555308160597        -4.5598154581139913846e-16    
0         22        0.17417480925591460883        3.9345331556536981505e-16     
0         23        0.4288083305502453646         9.0938724457895503181e-16     
1         0         0.28000967319134695277        -3.5753093044507954448e-17    
1         1         0.41569545493800247327        -6.7950879468577363124e-18    
1         2         0.27801185059645344699        2.4792555030226642058e-17     
1         3         0.18838829400528875335        2.8421756507682560427e-17     
1         4         0.20022259545140383419        -4.9541536213635780852e-17    
1         5         0.13443668930037405707        -1.19172375817181037e-17      
1         6         0.22563408582013946835        2.637009744448981336e-17      
1         7         0.16877286062566165814        -4.1298957677937607705e-17    
1         8         0.21318353939510853445        6.2884014140268043173e-17     
1         9         0.17351595598898797435        1.8571575538905506912e-17     
1         10        0.23776701358668630992        4.6240635985736579454e-17     
1         11        0.12428464486494181229        1.1275516969753842606e-17     
1         12        0.13036561404490493166        -1.3681447142277950255e-16    
1         13        0.24578149863952972187        -6.3282855580339668711e-16    
1         14        0.15763828078521560649        -7.3829412815797089356e-16    
1         15        0.30279605464369246937        -3.1797614689270666878e-16    
1         16        0.19215231856720374481        5.49124569290409856e-16       
1         17        0.23832870082053411731        1.003123219242855869e-16      
1         18        0.24874417059056147528        -5.0609861256439386102e-16    
1         19        0.21072289041930480913        4.0760217707752688247e-16     
1         20        0.10000844433201835915        -3.5334812117433902511e-16    
1         21        0.21571906609196322968        4.3685893992127163873e-16     
1         22        0.08850346377715068158        1.1906719309354909451e-16     
1         23        0.21766229877956530525        -1.0970775795184813865e-15    
2         0         0.64303069738680951328        1.7103675452745886475e-16     
2         1         0.27801185059645344699        2.4792555030226642058e-17     
2         2         0.81778729144778505855        1.0157037825031049091e-16     
2         3         0.26452997445088111128        -1.5450024487957350616e-16    
2         4         0.36145632446071512822        2.2110341904332615929e-17     
2         5         0.49309047019746859997        -4.6412504312793828782e-17    
2         6         0.4053926535419734023         1.4133138070225087443e-16     
2         7         0.42091867590620163364        6.1362164097171809912e-17     
2         8         0.44333505140819057244        7.7509698674992448914e-17     
2         9         0.33259106802740917574        1.4431159274518487808e-16     
2         10        0.48959285841972999265        1.2938751196292505351e-16     
2         11        0.23749979695870673813        -1.82580361027805059e-16      
2         12        0.25449098535931852227        -4.8487900621099485506e-17    
2         13        0.48829608449363015588        -6.9863055805507208837e-17    
2         14        0.3081741677754969988         -3.5933124014063855302e-16    
2         15        0.59950288342083191129        -2.0665704640147157741e-15    
2         16        0.37892946107175512482        4.5802644216517776999e-16     
2         17        0.4683661902675025912         -4.6939218833279683044e-16    
2         18        0.49053123402452181168        7.3927704206373210658e-16     
2         19        0.41407524610234591744        1.0733668773929615306e-15     
2         20        0.19662252292560564171        2.940906499216107869e-17      
2         21        0.42466603319863399646        -1.2794730982693643032e-15    
2         22        0.17404894327472769655        1.2328382898388483822e-16     
2         23        0.42850703265672229758        7.6228749940382592825e-16     
3         0         0.26786217558718616871        1.0561967655914080844e-16     
3         1         0.18838829400528875335        2.8421756507682560427e-17     
3         2         0.26452997445088111128        -1.5450024487957350616e-16    
3         3         0.4034011958811101195         2.1050358987402652551e-17     
3         4         0.19261496079038195606        1.1267680667925979256e-16     
3         5         0.20114252418617106777        1.8342644211145640759e-17     
3         6         0.2173149640563266094         8.8822414839571530236e-17     
3         7         0.09970886802370725055        1.2286627089147739243e-17     
3         8         0.20795836434272771398        -5.7115401598270250751e-17    
3         9         0.16781107227923736103        6.6971526700382695491e-18     
3         10        0.23124044678488928084        2.8305924648535428066e-17     
3         11        0.12011392871006401628        3.9365247220197500153e-17     
3         12        0.12630877603193907399        -1.8796502011386387224e-16    
3         13        0.23844826428950674502        1.5999367170573414714e-15     
3         14        0.15282625968136687167        -4.4630523250116063046e-16    
3         15        0.29404150283521762743        1.1445773781559002063e-16     
3         16        0.18650393554718860956        -1.6982164121982453877e-15    
3         17        0.2312434835605070016         -3.9566963683615702591e-17    
3         18        0.24141659546659730018        1.3856302618577945963e-15     
3         19        0.20443518657829928831        -3.3118022421460845413e-16    
3         20        0.09703740609019227692        -5.795720288477634316e-17     
3         21        0.20935061486219694316        2.2665906506037368439e-16     
3         22        0.085877209351632441403       -5.2882102410776872915e-17    
3         23        0.2112383471807079971         5.1427044233283868973e-16     
4         0         0.36208329072200529097        8.9175112554557207489e-17     
4         1         0.20022259545140383419        -4.9541536213635780852e-17    
4         2         0.36145632446071512822        2.2110341904332615929e-17     
4         3         0.19261496079038195606        1.1267680667925979256e-16     
4         4         0.45134069227346029773        -1.0771440073372786085e-16    
4         5         0.19464406925370811297        -6.1673289948078850116e-17    
4         6         0.25242066491805126294        -5.1018435656952804189e-18    
4         7         0.15077846126799729354        -3.3590777030965567412e-18    
4         8         0.13550607294459443564        -2.9413831769972881259e-18    
4         9         0.19896323512308664028        -3.6713514207943676525e-17    
4         10        0.23532072326573708065        1.6818027106543795853e-17     
4         11        0.1413922539884283347         -1.3764989469471181327e-16    
4         12        0.14332199613886734135        -8.798307826196788745e-17     
4         13        0.25984179638582793892        -5.5631957650602343896e-18    
4         14        0.17302749483674778608        5.0721012989495112898e-16     
4         15        0.3237748645770000544         5.1691718992259404849e-16     
4         16        0.20758117806405959604        -7.5095896147662678949e-16    
4         17        0.25922471385758250051        -5.0793491051133910194e-16    
4         18        0.26865735880533331281        -1.8957422555010669972e-16    
4         19        0.22918568876473080498        5.2308741342315743211e-17     
4         20        0.10867959323561367235        6.0573083816475881709e-17     
4         21        0.23390635999496706132        1.2066291383084303782e-15     
4         22        0.096139274959492204697       -1.7687560603848650117e-16    
4         23        0.23600464320172861998        -5.876007811863723335e-16     
5         0         0.49127730665105684427        9.2288473935863673676e-17     
5         1         0.13443668930037405707        -1.19172375817181037e-17      
5         2         0.49309047019746859997        -4.6412504312793828782e-17    
5         3         0.20114252418617106777        1.8342644211145640759e-17     
5         4         0.19464406925370811297        -6.1673289948078850116e-17    
5         5         0.59248881762533833761        -1.3117722531244187111e-16    
5         6         0.22592129703704835753        6.5159794788703848311e-17     
5         7         0.32333416316965302162        -2.1805879281133061999e-16    
5         8         0.33507282784205288939        -6.2195853071721024352e-17    
5         9         0.23314373127843271427        1.6026083644324443302e-16     
5         10        0.36507376398507612736        -1.4410926086435565695e-16    
5         11        0.1660266942009376856         1.4810026961773154535e-16     
5         12        0.1828056882212148182         2.3617137658035956286e-17     
5         13        0.35642791966816750326        -1.9470716991555930249e-15    
5         14        0.22184064083918664245        3.4436936761944875452e-17     
5         15        0.43648093480082073015        8.5529972825600796854e-17     
5         16        0.27507280351451690592        -4.2805124321094954789e-18    
5         17        0.33898671151579540251        -3.3969380861787616033e-16    
5         18        0.35607491218305453717        -2.0882480289863661187e-15    
5         19        0.29963400831192527063        6.5693155950016266576e-16     
5         20        0.14236280771483048047        3.5849238465156053065e-18     
5         21        0.30783987522206529563        -1.3826975757172424009e-16    
5         22        0.12604923245074650673        3.5715977191807871902e-16     
5         23        0.31063792233442194535        2.7441743291113329929e-16     
6         0         0.40596376713323917285        6.0483104051594517844e-18     
6         1         0.22563408582013946835        2.637009744448981336e-17      
6         2         0.4053926535419734023         1.4133138070225087443e-16     
6         3         0.2173149640563266094         8.8822414839571530236e-17     
6         4         0.25242066491805126294        -5.1018435656952804189e-18    
6         5         0.22592129703704835753        6.5159794788703848311e-17     
6         6         0.50465892652323085521        4.0152744798977264239e-17     
6         7         0.17377789594872605772        -1.6756902500306107416e-18    
6         8         0.23233256056365109155        -1.1216395529026790051e-17    
6         9         0.22093241532662064031        -1.3668912520370150518e-16    
6         10        0.19412806547188457551        1.2853365414136319603e-17     
6         11        0.15786777123131889855        -8.6942479053251097476e-17    
6         12        0.16008958259224270737        -8.3195995459987142947e-17    
6         13        0.29088583129350975565        1.6635391416250806471e-15     
6         14        0.1935217142561269088         -8.4679270091586515139e-17    
6         15        0.36192627382580783157        9.5681194100845878459e-17     
6         16        0.23212403664660602454        8.8222727705500931927e-16     
6         17        0.28982587892533673291        -2.6378670620399273895e-16    
6         18        0.30048363445570031027        5.2535695548451844418e-16     
6         19        0.25624529592502465203        3.1881599991219726883e-16     
6         20        0.12151619910542649228        1.7313232259937881435e-17     
6         21        0.2615519674737549205         -3.3407258695947748806e-16    
6         22        0.10749336123187036574        -1.5380959276682638631e-16    
6         23        0.26389827497515844223        2.630545090857139395e-16      
7         0         0.41912489511679934528        -1.0640850483233546423e-16    
7         1         0.16877286062566165814        -4.1298957677937607705e-17    
7         2         0.42091867590620163364        6.1362164097171809912e-17     
7         3         0.09970886802370725055        1.2286627089147739243e-17     
7         4         0.15077846126799729354        -3.3590777030965567412e-18    
7         5         0.32333416316965302162        -2.1805879281133061999e-16    
7         6         0.17377789594872605772        -1.6756902500306107416e-18    
7         7         0.50320330557631409718        -7.7630621271919858886e-17    
7         8         0.28507332441155475156        2.5875041810062461716e-17     
7         9         0.19687302520415328466        9.2938554362160333432e-19     
7         10        0.31075529079833519308        6.839846006463178878e-19      
7         11        0.13791163264205372196        -2.4207513198235492938e-17    
7         12        0.15469931587593549471        2.8710186379387233237e-16     
7         13        0.30282504295568374308        -3.3206392256375702003e-16    
7         14        0.18791976052269204756        -4.8471265109273392979e-16    
7         15        0.37108835584515259542        -3.2706247731231916472e-15    
7         16        0.23372390132080594904        -7.9181639805248245643e-16    
7         17        0.28778464876707182674        3.1475125588857095894e-16     
7         18        0.3025558862692386275         -6.2236917087291171291e-16    
7         19        0.25434684155605163935        4.7309856958994930986e-16     
7         20        0.12087414845553572096        -5.1458738816506380258e-17    
7         21        0.2614866729762796993         -3.4370550223933968787e-16    
7         22        0.10703370383740454241        -9.2360621463438419578e-18    
7         23        0.2638689898427532543         -6.8147614240168001174e-16    
8         0         0.44351038372426399015        -1.213806474017776162e-16     
8         1         0.21318353939510853445        6.2884014140268043173e-17     
8         2         0.44333505140819057244        7.7509698674992448914e-17     
8         3         0.20795836434272771398        -5.7115401598270250751e-17    
8         4         0.13550607294459443564        -2.9413831769972881259e-18    
8         5         0.33507282784205288939        -6.2195853071721024352e-17    
8         6         0.23233256056365109155        -1.1216395529026790051e-17    
8         7         0.28507332441155475156        2.5875041810062461716e-17     
8         8         0.53938294900882621796        2.3811489746812629065e-17     
8         9         0.14632989550146624502        2.2137481945461651998e-17     
8         10        0.3420592873505913234         8.578936137618927321e-17      
8         11        0.093410195384091940229       5.8271869930503441565e-17     
8         12        0.15909392864933347145        -2.8135050749720470456e-16    
8         13        0.3315914755053904206         -2.4735732709829915694e-15    
8         14        0.19618098006713580173        -6.6780747991406914377e-16    
8         15        0.4036533613259483122         -2.4220533886300469583e-15    
8         16        0.25195113481286784962        -4.5859020282093364881e-16    
8         17        0.30738155802495165103        1.1099588933437875122e-15     
8         18        0.32621500718567647548        -6.7812750786654036589e-16    
8         19        0.27145441055905084049        -6.6170212164584566584e-16    
8         20        0.12928054512982278812        3.0131013734637104869e-16     
8         21        0.28072926226764099988        -7.933105125751011095e-16     
8         22        0.11458492368064475408        1.6410250630629029064e-16     
8         23        0.28332434902032715973        -3.308871880286733309e-17     
9         0         0.33305777537436448421        -4.7858665086441574879e-17    
9         1         0.17351595598898797435        1.8571575538905506912e-17     
9         2         0.33259106802740917574        1.4431159274518487808e-16     
9         3         0.16781107227923736103        6.6971526700382695491e-18     
9         4         0.19896323512308664028        -3.6713514207943676525e-17    
9         5         0.23314373127843271427        1.6026083644324443302e-16     
9         6         0.22093241532662064031        -1.3668912520370150518e-16    
9         7         0.19687302520415328466        9.2938554362160333432e-19     
9         8         0.14632989550146624502        2.2137481945461651998e-17     
9         9         0.40858961624012613001        1.1485069582743219084e-16     
9         10        0.17220042699365112338        -1.0409649031610725385e-17    
9         11        0.13730868044873401068        4.4835353149891030056e-17     
9         12        0.13620864119596068353        1.6244397728023805084e-16     
9         13        0.13801734491798170468        -5.1967136325191714167e-17    
9         14        0.16635863137271231227        3.0757116234794111855e-16     
9         15        0.2707937905409908419         -4.087577268864050304e-16     
9         16        0.1817924696357212655         -3.7497311863667903408e-16    
9         17        0.2368071109466576285         3.7173291869000421406e-16     
9         18        0.23488820246139047176        -7.73669443195645461e-18      
9         19        0.20883878882712705871        -2.6199795165119285575e-17    
9         20        0.098752985724478020702       -2.9426648538661628146e-17    
9         21        0.2101513648394031375         2.1234735285656105929e-16     
9         22        0.087169419071093184881       2.456576378278939436e-16      
9         23        0.2119797475617140603         5.3454499675789270349e-16     
10        0         0.48898044783597055529        -3.5738991967664551063e-16    
10        1         0.23776701358668630992        4.6240635985736579454e-17     
10        2         0.48959285841972999265        1.2938751196292505351e-16     
10        3         0.23124044678488928084        2.8305924648535428066e-17     
10        4         0.23532072326573708065        1.6818027106543795853e-17     
10        5         0.36507376398507612736        -1.4410926086435565695e-16    
10        6         0.19412806547188457551        1.2853365414136319603e-17     
10        7         0.31075529079833519308        6.839846006463178878e-19      
10        8         0.3420592873505913234         8.578936137618927321e-17      
10        9         0.17220042699365112338        -1.0409649031610725385e-17    
10        10        0.59619406044844658332        -1.9654077001572219546e-17    
10        11        0.10853788956391660636        -3.024542898064269748e-17     
10        12        0.17827485387163446995        1.5764641947655436524e-16     
10        13        0.36756157776226838774        -1.2856130388921867e-15       
10        14        0.2166269693035124122         5.2938876200366443221e-16     
10        15        0.44754372037772388593        -1.4899038270389331976e-15    
10        16        0.27860511615970867672        3.5771894001544443352e-16     
10        17        0.3398768057339120463         4.8069492339498796855e-16     
10        18        0.36067380535365012317        -9.0260211370850850763e-18    
10        19        0.30021904974264862487        -1.1630445212708060447e-15    
10        20        0.14295228913433039031        6.237383323198544013e-16      
10        21        0.31031226243199877546        8.0861526459278209005e-16     
10        22        0.12665864333537749098        -8.7888187333521521314e-17    
10        23        0.31317335766967607791        -3.1874205575672197558e-16    
11        0         0.23783667944375638803        -1.8362004165966592671e-16    
11        1         0.12428464486494181229        1.1275516969753842606e-17     
11        2         0.23749979695870673813        -1.82580361027805059e-16      
11        3         0.12011392871006401628        3.9365247220197500153e-17     
11        4         0.1413922539884283347         -1.3764989469471181327e-16    
11        5         0.1660266942009376856         1.4810026961773154535e-16     
11        6         0.15786777123131889855        -8.6942479053251097476e-17    
11        7         0.13791163264205372196        -2.4207513198235492938e-17    
11        8         0.093410195384091940229       5.8271869930503441565e-17     
11        9         0.13730868044873401068        4.4835353149891030056e-17     
11        10        0.10853788956391660636        -3.024542898064269748e-17     
11        11        0.29225101108703610553        7.5888858118064971003e-19     
11        12        0.10002192337949077083        0                             
11        13        0.14416020993214592738        1.0992287446697368198e-16     
11        14        0.12087335797788846536        -4.2425380529956182706e-17    
11        15        0.13656771337666009924        -3.1306334296428427566e-16    
11        16        0.12922570412401684914        -6.6288860652402854941e-17    
11        17        0.16971786405667851905        6.1019720243159395978e-18     
11        18        0.16731229017266383008        -2.3501816519003121143e-17    
11        19        0.14997581110016805495        7.1474359064939814741e-18     
11        20        0.07073738038462114297        1.0985533600341909171e-16     
11        21        0.1500791076913962907         1.3339916576963590715e-16     
11        22        0.062430200837585748952       -5.7275236132820935348e-17    
11        23        0.15146939148720356405        -2.6046545121099625241e-16    
12        0         0.25471751349544213827        4.3688651729594310265e-16     
12        1         0.13036561404490493166        -1.3681447142277950255e-16    
12        2         0.25449098535931852227        -4.8487900621099485506e-17    
12        3         0.12630877603193907399        -1.8796502011386387224e-16    
12        4         0.14332199613886734135        -8.798307826196788745e-17     
12        5         0.1828056882212148182         2.3617137658035956286e-17     
12        6         0.16008958259224270737        -8.3195995459987142947e-17    
12        7         0.15469931587593549471        2.8710186379387233237e-16     
12        8         0.15909392864933347145        -2.8135050749720470456e-16    
12        9         0.13620864119596068353        1.6244397728023805084e-16     
12        10        0.17827485387163446995        1.5764641947655436524e-16     
12        11        0.10002192337949077083        0                             
12        12        0.31169129763253422549        -3.4389537658528538071e-18    
12        13        0.11640039593897869019        1.2238404514437997554e-16     
12        14        0.13741622184196369827        -1.9199923463265045557e-16    
12        15        0.16709530828474197794        -3.5274921401854142262e-16    
12        16        0.067825125084203130577       -1.6361417503601894304e-16    
12        17        0.1877320634443342684         1.0827763421351000453e-16     
12        18        0.15380669055012172186        -2.0549025075155324883e-16    
12        19        0.16464154375555795085        -3.6074460312163854546e-16    
12        20        0.076609696520126696617       3.5329775042423216588e-17     
12        21        0.15404467244389574709        1.3974320695225817076e-16     
12        22        0.066812688871476594299       -6.5135088706246415269e-17    
12        23        0.15582104836633711709        -1.0922357423220520625e-16    
13        0         0.48852098676550542722        -3.1113761166913848272e-15    
13        1         0.24578149863952972187        -6.3282855580339668711e-16    
13        2         0.48829608449363015588        -6.9863055805507208837e-17    
13        3         0.23844826428950674502        1.5999367170573414714e-15     
13        4         0.25984179638582793892        -5.5631957650602343896e-18    
13        5         0.35642791966816750326        -1.9470716991555930249e-15    
13        6         0.29088583129350975565        1.6635391416250806471e-15     
13        7         0.30282504295568374308        -3.3206392256375702003e-16    
13        8         0.3315914755053904206         -2.4735732709829915694e-15    
13        9         0.13801734491798170468        -5.1967136325191714167e-17    
13        10        0.36756157776226838774        -1.2856130388921867e-15       
13        11        0.14416020993214592738        1.0992287446697368198e-16     
13        12        0.11640039593897869019        1.2238404514437997554e-16     
13        13        0.5965009133817258391         -3.8453778574635920171e-19    
13        14        0.15415042728854289056        -2.1462163537914369759e-17    
13        15        0.45455656298048269237        -2.1455719180170367176e-16    
13        16        0.28701333546752594295        7.9864951302818910107e-17     
13        17        0.33360449081957865847        -6.6119979094766648333e-17    
13        18        0.37229098576957336819        -1.2704844603258364564e-16    
13        19        0.29488202750990410994        -1.7785498109832510702e-18    
13        20        0.14178539677128162988        1.190550789655090384e-16      
13        21        0.31274624075259083167        3.3698079908181883047e-17     
13        22        0.12603182902194906556        1.3293708017048741258e-17     
13        23        0.31569032226942367325        -2.3534407645826287802e-16    
14        0         0.308451209092442169          -2.7056295489201387885e-16    
14        1         0.15763828078521560649        -7.3829412815797089356e-16    
14        2         0.3081741677754969988         -3.5933124014063855302e-16    
14        3         0.15282625968136687167        -4.4630523250116063046e-16    
14        4         0.17302749483674778608        5.0721012989495112898e-16     
14        5         0.22184064083918664245        3.4436936761944875452e-17     
14        6         0.1935217142561269088         -8.4679270091586515139e-17    
14        7         0.18791976052269204756        -4.8471265109273392979e-16    
14        8         0.19618098006713580173        -6.6780747991406914377e-16    
14        9         0.16635863137271231227        3.0757116234794111855e-16     
14        10        0.2166269693035124122         5.2938876200366443221e-16     
14        11        0.12087335797788846536        -4.2425380529956182706e-17    
14        12        0.13741622184196369827        -1.9199923463265045557e-16    
14        13        0.15415042728854289056        -2.1462163537914369759e-17    
14        14        0.37727886160856921594        -8.712714300193009433e-18     
14        15        0.21696460911161116747        9.7018808675349256126e-17     
14        16        0.14205684163147544452        -1.1553309547944564546e-17    
14        17        0.22854868565308308903        3.2898433662356759021e-17     
14        18        0.11858666972567213915        -4.9608648740865141813e-17    
14        19        0.20105701877587872639        -1.250947925569574452e-17     
14        20        0.092802472584434567149       3.3283028513328778705e-17     
14        21        0.18604169766844338985        6.9151217091305366684e-17     
14        22        0.081364917109177370413       -1.1680951712771193079e-18    
14        23        0.18763844979344948549        -1.0239278877760843226e-16    
15        0         0.59984084548051741503        -1.2623782685747674977e-15    
15        1         0.30279605464369246937        -3.1797614689270666878e-16    
15        2         0.59950288342083191129        -2.0665704640147157741e-15    
15        3         0.29404150283521762743        1.1445773781559002063e-16     
15        4         0.3237748645770000544         5.1691718992259404849e-16     
15        5         0.43648093480082073015        8.5529972825600796854e-17     
15        6         0.36192627382580783157        9.5681194100845878459e-17     
15        7         0.37108835584515259542        -3.2706247731231916472e-15    
15        8         0.4036533613259483122         -2.4220533886300469583e-15    
15        9         0.2707937905409908419         -4.087577268864050304e-16     
15        10        0.44754372037772388593        -1.4899038270389331976e-15    
15        11        0.13656771337666009924        -3.1306334296428427566e-16    
15        12        0.16709530828474197794        -3.5274921401854142262e-16    
15        13        0.45455656298048269237        -2.1455719180170367176e-16    
15        14        0.21696460911161116747        9.7018808675349256126e-17     
15        15        0.73252524184387823869        -2.3159715837496430929e-16    
15        16        0.34681370534211963808        2.4043105684219324812e-16     
15        17        0.41370780905679049866        -3.751728495436595075e-18     
15        18        0.44835070048980085744        -2.0572405601500085321e-16    
15        19        0.36384743862637958234        -9.014324181070275003e-17     
15        20        0.17474688827241255384        1.0976455312007606718e-16     
15        21        0.38243360350282196158        -2.9648852194664923508e-17    
15        22        0.15504780207786278412        1.4230946174840119822e-17     
15        23        0.38620293148725720611        -4.3541360292995897411e-16    
16        0         0.37918538565697140763        -9.4029612533424965687e-16    
16        1         0.19215231856720374481        5.49124569290409856e-16       
16        2         0.37892946107175512482        4.5802644216517776999e-16     
16        3         0.18650393554718860956        -1.6982164121982453877e-15    
16        4         0.20758117806405959604        -7.5095896147662678949e-16    
16        5         0.27507280351451690592        -4.2805124321094954789e-18    
16        6         0.23212403664660602454        8.8222727705500931927e-16     
16        7         0.23372390132080594904        -7.9181639805248245643e-16    
16        8         0.25195113481286784962        -4.5859020282093364881e-16    
16        9         0.1817924696357212655         -3.7497311863667903408e-16    
16        10        0.27860511615970867672        3.5771894001544443352e-16     
16        11        0.12922570412401684914        -6.6288860652402854941e-17    
16        12        0.067825125084203130577       -1.6361417503601894304e-16    
16        13        0.28701333546752594295        7.9864951302818910107e-17     
16        14        0.14205684163147544452        -1.1553309547944564546e-17    
16        15        0.34681370534211963808        2.4043105684219324812e-16     
16        16        0.46321750870016531465        1.1749324728171123632e-16     
16        17        0.18112278408814483366        -6.8726987442925405304e-17    
16        18        0.29678697038336770975        -1.4172093096903709941e-16    
16        19        0.15151967738064825442        -5.492819140911330491e-17     
16        20        0.10260588230816032607        1.9213238935307871217e-17     
16        21        0.24977505063888971737        2.9410826126337615038e-17     
16        22        0.089433898178496840092       -2.4800092737894640849e-17    
16        23        0.25359188007735022907        -1.6941464711025565443e-16    
17        0         0.46871239231748124121        -1.77891875010643977e-15      
17        1         0.23832870082053411731        1.003123219242855869e-16      
17        2         0.4683661902675025912         -4.6939218833279683044e-16    
17        3         0.2312434835605070016         -3.9566963683615702591e-17    
17        4         0.25922471385758250051        -5.0793491051133910194e-16    
17        5         0.33898671151579540251        -3.3969380861787616033e-16    
17        6         0.28982587892533673291        -2.6378670620399273895e-16    
17        7         0.28778464876707182674        3.1475125588857095894e-16     
17        8         0.30738155802495165103        1.1099588933437875122e-15     
17        9         0.2368071109466576285         3.7173291869000421406e-16     
17        10        0.3398768057339120463         4.8069492339498796855e-16     
17        11        0.16971786405667851905        6.1019720243159395978e-18     
17        12        0.1877320634443342684         1.0827763421351000453e-16     
17        13        0.33360449081957865847        -6.6119979094766648333e-17    
17        14        0.22854868565308308903        3.2898433662356759021e-17     
17        15        0.41370780905679049866        -3.751728495436595075e-18     
17        16        0.18112278408814483366        -6.8726987442925405304e-17    
17        17        0.57283262128717071793        -2.4820201605431008744e-17    
17        18        0.27809132697459665318        -4.8751934733923065375e-17    
17        19        0.31461204255686125997        1.5851569383070081225e-16     
17        20        0.14353743350565298376        8.1043210565686505262e-17     
17        21        0.19371838787578177232        -1.9571784661285772121e-18    
17        22        0.12794008493174832686        8.4833803002685134287e-19     
17        23        0.26228766645828210935        3.9217595257172791358e-17     
18        0         0.49085664061282252568        -9.3886553300968838047e-16    
18        1         0.24874417059056147528        -5.0609861256439386102e-16    
18        2         0.49053123402452181168        7.3927704206373210658e-16     
18        3         0.24141659546659730018        1.3856302618577945963e-15     
18        4         0.26865735880533331281        -1.8957422555010669972e-16    
18        5         0.35607491218305453717        -2.0882480289863661187e-15    
18        6         0.30048363445570031027        5.2535695548451844418e-16     
18        7         0.3025558862692386275         -6.2236917087291171291e-16    
18        8         0.32621500718567647548        -6.7812750786654036589e-16    
18        9         0.23488820246139047176        -7.73669443195645461e-18      
18        10        0.36067380535365012317        -9.0260211370850850763e-18    
18        11        0.16731229017266383008        -2.3501816519003121143e-17    
18        12        0.15380669055012172186        -2.0549025075155324883e-16    
18        13        0.37229098576957336819        -1.2704844603258364564e-16    
18        14        0.11858666972567213915        -4.9608648740865141813e-17    
18        15        0.44835070048980085744        -2.0572405601500085321e-16    
18        16        0.29678697038336770975        -1.4172093096903709941e-16    
18        17        0.27809132697459665318        -4.8751934733923065375e-17    
18        18        0.59964685510825832537        -1.9553848728367328156e-16    
18        19        0.23378632592454950956        -6.201286584874791957e-17     
18        20        0.13705658592265781981        6.5011008938327178415e-17     
18        21        0.32053759646748331003        7.0837733909099769496e-17     
18        22        0.12321947093673980833        1.2115188015956223034e-17     
18        23        0.32519234546505987327        -6.9793372786710613753e-17    
19        0         0.41438252167608030652        -1.2665178815417303332e-15    
19        1         0.21072289041930480913        4.0760217707752688247e-16     
19        2         0.41407524610234591744        1.0733668773929615306e-15     
19        3         0.20443518657829928831        -3.3118022421460845413e-16    
19        4         0.22918568876473080498        5.2308741342315743211e-17     
19        5         0.29963400831192527063        6.5693155950016266576e-16     
19        6         0.25624529592502465203        3.1881599991219726883e-16     
19        7         0.25434684155605163935        4.7309856958994930986e-16     
19        8         0.27145441055905084049        -6.6170212164584566584e-16    
19        9         0.20883878882712705871        -2.6199795165119285575e-17    
19        10        0.30021904974264862487        -1.1630445212708060447e-15    
19        11        0.14997581110016805495        7.1474359064939814741e-18     
19        12        0.16464154375555795085        -3.6074460312163854546e-16    
19        13        0.29488202750990410994        -1.7785498109832510702e-18    
19        14        0.20105701877587872639        -1.250947925569574452e-17     
19        15        0.36384743862637958234        -9.014324181070275003e-17     
19        16        0.15151967738064825442        -5.492819140911330491e-17     
19        17        0.31461204255686125997        1.5851569383070081225e-16     
19        18        0.23378632592454950956        -6.201286584874791957e-17     
19        19        0.50645699559969348247        -4.3660831317569087481e-17    
19        20        0.12911871593045629036        -6.8299722390479897605e-17    
19        21        0.22471290282761760548        -1.2392124022654524599e-16    
19        22        0.11527448450909555389        -8.6924136563680860749e-18    
19        23        0.16405903423690765264        8.2820686706227666256e-17     
20        0         0.19676668646698053378        -5.0889742779773436358e-16    
20        1         0.10000844433201835915        -3.5334812117433902511e-16    
20        2         0.19662252292560564171        2.940906499216107869e-17      
20        3         0.09703740609019227692        -5.795720288477634316e-17     
20        4         0.10867959323561367235        6.0573083816475881709e-17     
20        5         0.14236280771483048047        3.5849238465156053065e-18     
20        6         0.12151619910542649228        1.7313232259937881435e-17     
20        7         0.12087414845553572096        -5.1458738816506380258e-17    
20        8         0.12928054512982278812        3.0131013734637104869e-16     
20        9         0.098752985724478020702       -2.9426648538661628146e-17    
20        10        0.14295228913433039031        6.237383323198544013e-16      
20        11        0.07073738038462114297        1.0985533600341909171e-16     
20        12        0.076609696520126696617       3.5329775042423216588e-17     
20        13        0.14178539677128162988        1.190550789655090384e-16      
20        14        0.092802472584434567149       3.3283028513328778705e-17     
20        15        0.17474688827241255384        1.0976455312007606718e-16     
20        16        0.10260588230816032607        1.9213238935307871217e-17     
20        17        0.14353743350565298376        8.1043210565686505262e-17     
20        18        0.13705658592265781981        6.5011008938327178415e-17     
20        19        0.12911871593045629036        -6.8299722390479897605e-17    
20        20        0.24046387964894472278        1.3242484496962794846e-16     
20        21        0.054375073358539895152       -3.4314502153934726393e-17    
20        22        0.013637511995791306782       7.689158858054916205e-18      
20        23        0.053236010269419556384       -2.266857705620351083e-17     
21        0         0.42496507555308160597        -4.5598154581139913846e-16    
21        1         0.21571906609196322968        4.3685893992127163873e-16     
21        2         0.42466603319863399646        -1.2794730982693643032e-15    
21        3         0.20935061486219694316        2.2665906506037368439e-16     
21        4         0.23390635999496706132        1.2066291383084303782e-15     
21        5         0.30783987522206529563        -1.3826975757172424009e-16    
21        6         0.2615519674737549205         -3.3407258695947748806e-16    
21        7         0.2614866729762796993         -3.4370550223933968787e-16    
21        8         0.28072926226764099988        -7.933105125751011095e-16     
21        9         0.2101513648394031375         2.1234735285656105929e-16     
21        10        0.31031226243199877546        8.0861526459278209005e-16     
21        11        0.1500791076913962907         1.3339916576963590715e-16     
21        12        0.15404467244389574709        1.3974320695225817076e-16     
21        13        0.31274624075259083167        3.3698079908181883047e-17     
21        14        0.18604169766844338985        6.9151217091305366684e-17     
21        15        0.38243360350282196158        -2.9648852194664923508e-17    
21        16        0.24977505063888971737        2.9410826126337615038e-17     
21        17        0.19371838787578177232        -1.9571784661285772121e-18    
21        18        0.32053759646748331003        7.0837733909099769496e-17     
21        19        0.22471290282761760548        -1.2392124022654524599e-16    
21        20        0.054375073358539895152       -3.4314502153934726393e-17    
21        21        0.51924029158398976591        9.4106906554417606902e-17     
21        22        0.047965891658549947296       -1.6583494824872067973e-18    
21        23        0.2945344276258758387         1.1879429650689407638e-16     
22        0         0.17417480925591460883        3.9345331556536981505e-16     
22        1         0.08850346377715068158        1.1906719309354909451e-16     
22        2         0.17404894327472769655        1.2328382898388483822e-16     
22        3         0.085877209351632441403       -5.2882102410776872915e-17    
22        4         0.096139274959492204697       -1.7687560603848650117e-16    
22        5         0.12604923245074650673        3.5715977191807871902e-16     
22        6         0.10749336123187036574        -1.5380959276682638631e-16    
22        7         0.10703370383740454241        -9.2360621463438419578e-18    
22        8         0.11458492368064475408        1.6410250630629029064e-16     
22        9         0.087169419071093184881       2.456576378278939436e-16      
22        10        0.12665864333537749098        -8.7888187333521521314e-17    
22        11        0.062430200837585748952       -5.7275236132820935348e-17    
22        12        0.066812688871476594299       -6.5135088706246415269e-17    
22        13        0.12603182902194906556        1.3293708017048741258e-17     
22        14        0.081364917109177370413       -1.1680951712771193079e-18    
22        15        0.15504780207786278412        1.4230946174840119822e-17     
22        16        0.089433898178496840092       -2.4800092737894640849e-17    
22        17        0.12794008493174832686        8.4833803002685134287e-19     
22        18        0.12321947093673980833        1.2115188015956223034e-17     
22        19        0.11527448450909555389        -8.6924136563680860749e-18    
22        20        0.013637511995791306782       7.689158858054916205e-18      
22        21        0.047965891658549947296       -1.6583494824872067973e-18    
22        22        0.21284635510499011479        1.5779462251731972068e-17     
22        23        0.044418141800359065008       -2.3283917429989836236e-17    
23        0         0.4288083305502453646         9.0938724457895503181e-16     
23        1         0.21766229877956530525        -1.0970775795184813865e-15    
23        2         0.42850703265672229758        7.6228749940382592825e-16     
23        3         0.2112383471807079971         5.1427044233283868973e-16     
23        4         0.23600464320172861998        -5.876007811863723335e-16     
23        5         0.31063792233442194535        2.7441743291113329929e-16     
23        6         0.26389827497515844223        2.630545090857139395e-16      
23        7         0.2638689898427532543         -6.8147614240168001174e-16    
23        8         0.28332434902032715973        -3.308871880286733309e-17     
23        9         0.2119797475617140603         5.3454499675789270349e-16     
23        10        0.31317335766967607791        -3.1874205575672197558e-16    
23        11        0.15146939148720356405        -2.6046545121099625241e-16    
23        12        0.15582104836633711709        -1.0922357423220520625e-16    
23        13        0.31569032226942367325        -2.3534407645826287802e-16    
23        14        0.18763844979344948549        -1.0239278877760843226e-16    
23        15        0.38620293148725720611        -4.3541360292995897411e-16    
23        16        0.25359188007735022907        -1.6941464711025565443e-16    
23        17        0.26228766645828210935        3.9217595257172791358e-17     
23        18        0.32519234546505987327        -6.9793372786710613753e-17    
23        19        0.16405903423690765264        8.2820686706227666256e-17     
23        20        0.053236010269419556384       -2.266857705620351083e-17     
23        21        0.2945344276258758387         1.1879429650689407638e-16     
23        22        0.044418141800359065008       -2.3283917429989836236e-17    
23        23        0.52393135846454186311        -3.7058458609570862958e-16    
