0         0         0.95654725149657870986        2.0364193730322958079e-16     
0         1         0.051113539869373073032       1.0539454188826369432e-17     
0         2         0.91271043552036679181        8.584692736409942211e-17      
0         3         0.052415990530115544321       1.6634409126648529235e-17     
0         4         0.075357326039670116669       -1.6262485308320847311e-16    
0         5         0.88785525337994042339        -2.7638679693010012889e-17    
0         6         0.081650327189080398882       -4.8570534062243819506e-17    
0         7         0.87194321996918922046        -1.7432599033485707916e-16    
0         8         0.88091700087652635709        -1.9915059676303897619e-16    
0         9         0.072784626984079336953       3.4562335260314706027e-17     
0         10        0.88901627608936784064        1.8923023092888995607e-16     
0         11        0.054871496852834364399       1.9795439239971728014e-16     
0         12        0.061436595776193002327       6.3709587114193452883e-18     
0         13        0.88413955545991418372        1.0824638484938656785e-15     
0         14        0.06772766682975862873        2.5254456608191082372e-16     
0         15        0.90470026803578518226        -2.5837840263482575704e-16    
0         16        0.84849146958138077501        -2.3386014830283789423e-15    
0         17        0.11582299551283760375        -1.7742259180241854345e-16    
0         18        0.87691466155343555933        8.054364289788871838e-16      
0         19        0.10051013721073301377        -1.0830105014245605257e-16    
0         20        0.10004359652295263805        9.2898616057678515245e-17     
0         21        0.81815774248389816492        -1.3081844191442861724e-15    
0         22        0.09266397092273928604        -2.0646216355724460982e-17    
0         23        0.82077561327217618548        2.1360440863633906193e-15     
1         0         0.051113539869373073032       1.0539454188826369432e-17     
1         1         0.0754056237619655928         6.8601195458381910821e-18     
1         2         0.050883088270792964369       8.5052851558884598948e-18     
1         3         0.0077951209552728304569      1.2135693942875709051e-17     
1         4         0.0082792056535182668303      2.0077500598298622542e-18     
1         5         0.041975048285063577824       1.0069303342887030742e-17     
1         6         0.0091727988571813912078      1.7479100157355783897e-17     
1         7         0.064141355267300873          3.7332374240998794375e-18     
1         8         0.068138952525714474584       -1.3247516488306864479e-17    
1         9         0.006077300493393594967       -4.2677819164332256903e-18    
1         10        0.068853860515706050149       4.9573017378813131927e-18     
1         11        0.0045594613549404163638      -2.2552450243124001004e-18    
1         12        0.004876795717649100477       7.4184227962396680303e-19     
1         13        0.069555248418608009442       -4.6563575229537873523e-17    
1         14        0.0053783919461879974716      -2.4594663715559137303e-18    
1         15        0.07122857751361026668        -1.8295092454265017505e-16    
1         16        0.066865711300173796827       -6.75024348663030331e-17      
1         17        0.0091433935585620781938      8.7965959678355912368e-18     
1         18        0.069108147295881341976       -1.5202653425657123112e-17    
1         19        0.00793474512160802746        -2.2461361768419128233e-18    
1         20        0.0078902971370562544756      5.0327578891434119218e-18     
1         21        0.064488044358223819974       -4.1515956956742508191e-17    
1         22        0.0073080951378399457499      2.559779865694683477e-18      
1         23        0.064694681827957789544       -5.9622199353538305824e-17    
2         0         0.91271043552036679181        8.584692736409942211e-17      
2         1         0.050883088270792964369       8.5052851558884598948e-18     
2         2         0.95608213796962004949        2.091708042515072598e-16      
2         3         0.052072868579937169053       -3.3687567024345235235e-17    
2         4         0.075237793862265048284       -3.0781737749700921318e-17    
2         5         0.88748009807897265677        -5.3830320639786803744e-16    
2         6         0.081645469757714125847       -1.5337669781066342575e-16    
2         7         0.87158493612269472006        5.5276187515971099455e-16     
2         8         0.88048718817911797441        1.7675527457229646627e-17     
2         9         0.072745665581175456005       -2.61673418458297229e-16      
2         10        0.8885964031835964505         1.9765361886464841563e-16     
2         11        0.054842065394476550988       -2.8087453221250133307e-17    
2         12        0.061406425457279943669       4.2970193213947864278e-17     
2         13        0.8837103022095431637         1.0798821989062815354e-15     
2         14        0.067694355304100534143       9.0076871086075145331e-17     
2         15        0.90426088288028039219        1.737361135525637039e-15      
2         16        0.84807903287736385867        -1.873641485939772304e-15     
2         17        0.11576657949954347049        -4.3742051709757235575e-17    
2         18        0.87648839332980288397        1.7722809234496582777e-16     
2         19        0.10046117567282006333        -2.9885964033409162048e-16    
2         20        0.099994924160153444981       4.2160785670466664174e-16     
2         21        0.81775997424173940686        4.2978705815762636561e-16     
2         22        0.092618888705526120075       -3.0126050214458429951e-17    
2         23        0.82037657079658210524        1.8459812694314099665e-17     
3         0         0.052415990530115544321       1.6634409126648529235e-17     
3         1         0.0077951209552728304569      1.2135693942875709051e-17     
3         2         0.052072868579937169053       -3.3687567024345235235e-17    
3         3         0.075048574632397141437       -6.8558123562446339111e-17    
3         4         0.0081372846936010306135      2.1266039806622495382e-17     
3         5         0.065677356940587142131       -5.8988862589413574418e-18    
3         6         0.0090054751034203597143      -1.2454416916257845005e-17    
3         7         0.037228770481273071313       -1.8754679185512804786e-17    
3         8         0.067801742655866012455       2.2495942422410117997e-17     
3         9         0.0060209568288787122456      3.1788189226556976288e-18     
3         10        0.068498329109340366783       -6.4035029224253570823e-17    
3         11        0.0045340705432281493831      -7.4906498907178672493e-18    
3         12        0.0048520626086152804368      2.2149990789323746511e-17     
3         13        0.069228195106099760237       -2.2169757084316616589e-17    
3         14        0.0053509481216237626128      -1.7555392976147641289e-17    
3         15        0.070890073000433997952       -3.5509391963910333592e-16    
3         16        0.066549697799886078919       7.7155357731733711862e-17     
3         17        0.0090995399117744565215      -1.2435992103775081928e-17    
3         18        0.068781413112777481378       -9.2701059007870853991e-17    
3         19        0.0078966743008559887873      1.324814128313305002e-17      
3         20        0.0078527692533593446839      -1.1713255916555155313e-17    
3         21        0.064182989984198385303       -4.3430449554758939335e-17    
3         22        0.0072733457701895506617      4.4495997536801296494e-18     
3         23        0.064388645565032182061       -1.8247626800519445229e-16    
4         0         0.075357326039670116669       -1.6262485308320847311e-16    
4         1         0.0082792056535182668303      2.0077500598298622542e-18     
4         2         0.075237793862265048284       -3.0781737749700921318e-17    
4         3         0.0081372846936010306135      2.1266039806622495382e-17     
4         4         0.07977749484625237808        1.3832537394974359077e-16     
4         5         0.053453010961851975258       6.3174767277706938272e-17     
4         6         0.0098547296659436626337      -3.6775435982540024638e-17    
4         7         0.047147817208182445092       1.9697242854822691325e-17     
4         8         0.042357450724997712521       6.5369502757007412973e-17     
4         9         0.0084616707948894243768      3.3155967665786426505e-17     
4         10        0.069994723973204553413       1.5368102158569645782e-16     
4         11        0.0062007302564666359063      1.1192690999811032687e-17     
4         12        0.0053319844382008650327      -8.5637680937235357546e-18    
4         13        0.072593098286919774398       2.3810774449753963117e-16     
4         14        0.0058822245317496730729      1.8184315121388973147e-17     
4         15        0.074735609527393290219       -4.1543207254357485156e-17    
4         16        0.070628623734424827996       3.6797457287831314359e-17     
4         17        0.009732470811830512547       6.0803996325582835703e-18     
4         18        0.073010970110991571524       4.3330812186400443993e-16     
4         19        0.008446296441196796817       1.5541102608536676419e-17     
4         20        0.0083638890798233469365      5.293080035833193603e-18      
4         21        0.068189699610172752053       1.2574929394469136559e-16     
4         22        0.0077460146894846142185      9.4565570993913745893e-18     
4         23        0.068409818211999012805       1.6640436098820736845e-16     
5         0         0.88785525337994042339        -2.7638679693010012889e-17    
5         1         0.041975048285063577824       1.0069303342887030742e-17     
5         2         0.88748009807897265677        -5.3830320639786803744e-16    
5         3         0.065677356940587142131       -5.8988862589413574418e-18    
5         4         0.053453010961851975258       6.3174767277706938272e-17     
5         5         0.92697144802124120666        9.136454933585321033e-17      
5         6         0.05733191434020668692        4.7630584360951542405e-17     
5         7         0.84623700672996327032        -1.8747963862235156461e-16    
5         8         0.85581862796697316664        -4.5384084395452248499e-16    
5         9         0.069463227128606530592       3.2773676004527561738e-17     
5         10        0.86341343736048992152        2.9324629735439391131e-17     
5         11        0.052321861318347609449       -1.2641741750470660327e-16    
5         12        0.059455631878977052707       1.9311292457306926046e-17     
5         13        0.85703322070854059955        -6.170937834157843298e-16     
5         14        0.065536884035482273481       1.1343804041919918937e-16     
5         15        0.87688116611156652347        -1.0793883858614446557e-16    
5         16        0.82229676828393671872        -1.721018492640300868e-16     
5         17        0.1122153456804516336         2.5924502178575757692e-16     
5         18        0.8498370171468594414         -1.0204578606870485552e-15    
5         19        0.097379029360490768075       2.1248806156059719996e-16     
5         20        0.096942858946713214574       6.3250595436916421784e-18     
5         21        0.7928761994554491821         -2.2216681964561443161e-17    
5         22        0.089792292630047426671       8.9436236891903826797e-17     
5         23        0.79541267150413763609        -1.8926960732577629104e-15    
6         0         0.081650327189080398882       -4.8570534062243819506e-17    
6         1         0.0091727988571813912078      1.7479100157355783897e-17     
6         2         0.081645469757714125847       -1.5337669781066342575e-16    
6         3         0.0090054751034203597143      -1.2454416916257845005e-17    
6         4         0.0098547296659436626337      -3.6775435982540024638e-17    
6         5         0.05733191434020668692        4.7630584360951542405e-17     
6         6         0.086608020648398703623       -1.187679869276622564e-16     
6         7         0.049517096356199830076       -4.3411899891434333035e-17    
6         8         0.074894020164902319614       -1.4591165987098365803e-16    
6         9         0.0091965965622261367646      -6.3597122928912340236e-17    
6         10        0.050021906850470837513       -1.1969231262955596371e-16    
6         11        0.0067747049799517216478      7.419659069302636035e-19      
6         12        0.0057832869376948552523      1.9904427803384642705e-17     
6         13        0.078839793985043080116       -1.6887205922877678675e-16    
6         14        0.0063980428283393229669      -1.2669919240235717882e-17    
6         15        0.081142369334401179271       -9.2929096945728458475e-17    
6         16        0.076677961024088220343       1.163462216244684233e-16      
6         17        0.010566887449375200747       -6.5981897028834615312e-19    
6         18        0.07926022571509680481        1.4025367351574478649e-16     
6         19        0.0091705013499551943368      6.2146542076796548268e-18     
6         20        0.0090803336898357955853      -4.4397068061331138431e-18    
6         21        0.074027654507565501807       -3.232531843424363596e-16     
6         22        0.0084095352302002417816      -1.2167509250040205595e-17    
6         23        0.074266595253490289008       -1.2437037771302520042e-16    
7         0         0.87194321996918922046        -1.7432599033485707916e-16    
7         1         0.064141355267300873          3.7332374240998794375e-18     
7         2         0.87158493612269472006        5.5276187515971099455e-16     
7         3         0.037228770481273071313       -1.8754679185512804786e-17    
7         4         0.047147817208182445092       1.9697242854822691325e-17     
7         5         0.84623700672996327032        -1.8747963862235156461e-16    
7         6         0.049517096356199830076       -4.3411899891434333035e-17    
7         7         0.91005370598683144046        -2.7467414939832576808e-17    
7         8         0.84076054640238462312        6.2212851238311961767e-17     
7         9         0.067734624847546054394       -8.1072324825308630452e-18    
7         10        0.84814534550104991872        -1.4381716248459113661e-16    
7         11        0.051103762654440589019       -9.6602850261665469414e-17    
7         12        0.058339368077972367232       -1.0672613867774129342e-17    
7         13        0.84144430228185929099        3.3000440605928107628e-16     
7         14        0.064303053600235152154       6.5663686304568164268e-17     
7         15        0.86093263096087113695        1.8095761993360832291e-15     
7         16        0.80730306567959808639        -1.0137162486487807818e-15    
7         17        0.11015741077010254845        -1.862609569645277439e-16     
7         18        0.8343390479815482319         -2.9855349197797351669e-16    
7         19        0.095592930463974185029       -1.1876873646713493636e-16    
7         20        0.095170752205893147102       -5.8874221082688851138e-18    
7         21        0.77841132990008177206        -6.2667616331711441174e-16    
7         22        0.088151019112163525593       -2.6533599575558953271e-16    
7         23        0.78090137328058495392        -7.68721787815622922e-16      
8         0         0.88091700087652635709        -1.9915059676303897619e-16    
8         1         0.068138952525714474584       -1.3247516488306864479e-17    
8         2         0.88048718817911797441        1.7675527457229646627e-17     
8         3         0.067801742655866012455       2.2495942422410117997e-17     
8         4         0.042357450724997712521       6.5369502757007412973e-17     
8         5         0.85581862796697316664        -4.5384084395452248499e-16    
8         6         0.074894020164902319614       -1.4591165987098365803e-16    
8         7         0.84076054640238462312        6.2212851238311961767e-17     
8         8         0.92072226555990999142        -8.0096482044751886652e-17    
8         9         0.04581047427649574677        -1.0898374149483621916e-17    
8         10        0.85819975673462767229        -4.552672516985033939e-17     
8         11        0.03293121083664269505        -1.4738454610872745919e-17    
8         12        0.058244322085362128238       5.4841571968777154251e-17     
8         13        0.8529671842786104019         -1.5530396735873675955e-15    
8         14        0.064080089486363303597       1.2120617738005818534e-17     
8         15        0.87218152764578893432        -1.9388969565216777463e-15    
8         16        0.81703245664704582385        1.7670005131639763594e-15     
8         17        0.111262978859833217          1.6193575871148209034e-16     
8         18        0.84435142732010248778        1.3259369024105082381e-16     
8         19        0.096549921304445160408       2.5007588960747171999e-17     
8         20        0.09623844381437912654        7.4626355415266692232e-17     
8         21        0.78763067398810049369        1.4493580730095294985e-16     
8         22        0.089141881599615710452       2.0150257356285019566e-16     
8         23        0.79014704278510849988        9.6542697711588128371e-16     
9         0         0.072784626984079336953       3.4562335260314706027e-17     
9         1         0.006077300493393594967       -4.2677819164332256903e-18    
9         2         0.072745665581175456005       -2.61673418458297229e-16      
9         3         0.0060209568288787122456      3.1788189226556976288e-18     
9         4         0.0084616707948894243768      3.3155967665786426505e-17     
9         5         0.069463227128606530592       3.2773676004527561738e-17     
9         6         0.0091965965622261367646      -6.3597122928912340236e-17    
9         7         0.067734624847546054394       -8.1072324825308630452e-18    
9         8         0.04581047427649574677        -1.0898374149483621916e-17    
9         9         0.076204245811526793997       -2.305042794567151967e-17     
9         10        0.050205539180047366321       -5.8443489576457406601e-17    
9         11        0.0056003512046483433506      8.7345938647053838918e-18     
9         12        0.0064428280507979086844      -1.6268008823048844913e-17    
9         13        0.042059648346464091617       3.6017079692477283139e-16     
9         14        0.0072320759350129101145      -1.1502495775942355309e-17    
9         15        0.069508593309665051008       -2.7473937310613539512e-17    
9         16        0.066455963892510946933       -9.5839872288353370643e-17    
9         17        0.009706716664045567447       -6.3003380713282235702e-19    
9         18        0.068777635147681911998       -9.5128258701734479873e-17    
9         19        0.0084094328410617737168      1.2523382536119855845e-18     
9         20        0.008089646606225790737       1.2241240812487438523e-17     
9         21        0.064874554007709722692       -2.3991467218614045677e-17    
9         22        0.0074880840512574183346      -7.1439155983088339365e-18    
9         23        0.065100491192372794691       1.5608964312029178558e-16     
10        0         0.88901627608936784064        1.8923023092888995607e-16     
10        1         0.068853860515706050149       4.9573017378813131927e-18     
10        2         0.8885964031835964505         1.9765361886464841563e-16     
10        3         0.068498329109340366783       -6.4035029224253570823e-17    
10        4         0.069994723973204553413       1.5368102158569645782e-16     
10        5         0.86341343736048992152        2.9324629735439391131e-17     
10        6         0.050021906850470837513       -1.1969231262955596371e-16    
10        7         0.84814534550104991872        -1.4381716248459113661e-16    
10        8         0.85819975673462767229        -4.552672516985033939e-17     
10        9         0.050205539180047366321       -5.8443489576457406601e-17    
10        10        0.92923122165718596843        -4.3999625518483310229e-17    
10        11        0.036130571836057813473       -5.9597314314664380408e-17    
10        12        0.058918113589244459904       3.5552513884906354349e-17     
10        13        0.86064646092886731843        -1.6019192977178750339e-15    
10        14        0.064909353602579059062       1.2088684822015945638e-16     
10        15        0.88010160602453380019        -3.9632586902651786235e-16    
10        16        0.82453479644873095555        7.1547771920584658609e-16     
10        17        0.11232849083450488492        2.1279796966343347823e-17     
10        18        0.85211802731415864365        1.1850533033868606963e-15     
10        19        0.097474878803045145181       -1.2816730797425446098e-16    
10        20        0.097137817041699769938       7.6709738948114395395e-17     
10        21        0.79489167810227190358        -1.4597435469508172078e-15    
10        22        0.08997433524320658238        1.8648965582373374609e-16     
10        23        0.79743172996223254945        5.8710733490638890901e-16     
11        0         0.054871496852834364399       1.9795439239971728014e-16     
11        1         0.0045594613549404163638      -2.2552450243124001004e-18    
11        2         0.054842065394476550988       -2.8087453221250133307e-17    
11        3         0.0045340705432281493831      -7.4906498907178672493e-18    
11        4         0.0062007302564666359063      1.1192690999811032687e-17     
11        5         0.052321861318347609449       -1.2641741750470660327e-16    
11        6         0.0067747049799517216478      7.419659069302636035e-19      
11        7         0.051103762654440589019       -9.6602850261665469414e-17    
11        8         0.03293121083664269505        -1.4738454610872745919e-17    
11        9         0.0056003512046483433506      8.7345938647053838918e-18     
11        10        0.036130571836057813473       -5.9597314314664380408e-17    
11        11        0.057449580013451913285       -6.4655039791914127572e-27    
11        12        0.0048578579707820998199      0                             
11        13        0.050427373934910459108       8.8495064180491709992e-17     
11        14        0.0054494480863069389917      -2.9306645176511072368e-18    
11        15        0.035803873824575754847       8.2405850141372206302e-17     
11        16        0.050191716488352439152       -4.8416886317608213977e-17    
11        17        0.0073013908315150317929      3.7498544749343193705e-18     
11        18        0.051942179195456940344       1.6504311914980382425e-16     
11        19        0.0063445737410929734998      -1.2231916764231617237e-18    
11        20        0.0060975712206192116821      7.7232133888090595183e-18     
11        21        0.048924774458566210045       5.048624743092423858e-17      
11        22        0.0056443361343298950952      -2.0413130053049442587e-18    
11        23        0.04908999702945078536        -8.7688219011504408436e-17    
12        0         0.061436595776193002327       6.3709587114193452883e-18     
12        1         0.004876795717649100477       7.4184227962396680303e-19     
12        2         0.061406425457279943669       4.2970193213947864278e-17     
12        3         0.0048520626086152804368      2.2149990789323746511e-17     
12        4         0.0053319844382008650327      -8.5637680937235357546e-18    
12        5         0.059455631878977052707       1.9311292457306926046e-17     
12        6         0.0057832869376948552523      1.9904427803384642705e-17     
12        7         0.058339368077972367232       -1.0672613867774129342e-17    
12        8         0.058244322085362128238       5.4841571968777154251e-17     
12        9         0.0064428280507979086844      -1.6268008823048844913e-17    
12        10        0.058918113589244459904       3.5552513884906354349e-17     
12        11        0.0048578579707820998199      0                             
12        12        0.064237541461772393325       2.8375616455767740763e-20     
12        13        0.038888330416654653954       -3.4264635919233030499e-17    
12        14        0.0069659156723014788518      -9.7250770038056634028e-18    
12        15        0.044740442695837295828       -2.216194748160234728e-16     
12        16        0.030522288927088633143       -5.9816418278844450242e-18    
12        17        0.011243423048346098611       2.7570939235233870743e-19     
12        18        0.054448397228475234333       1.6034122385664114189e-17     
12        19        0.0096847228371531764168      -8.7796022416999120957e-18    
12        20        0.0074794836773858647261      -4.5173329001232767261e-18    
12        21        0.052744127541597365938       1.5346119447628202488e-18     
12        22        0.0068848278581463235801      5.8687076473127424962e-18     
12        23        0.05306572358777351256        1.1302606521765234741e-16     
13        0         0.88413955545991418372        1.0824638484938656785e-15     
13        1         0.069555248418608009442       -4.6563575229537873523e-17    
13        2         0.8837103022095431637         1.0798821989062815354e-15     
13        3         0.069228195106099760237       -2.2169757084316616589e-17    
13        4         0.072593098286919774398       2.3810774449753963117e-16     
13        5         0.85703322070854059955        -6.170937834157843298e-16     
13        6         0.078839793985043080116       -1.6887205922877678675e-16    
13        7         0.84144430228185929099        3.3000440605928107628e-16     
13        8         0.8529671842786104019         -1.5530396735873675955e-15    
13        9         0.042059648346464091617       3.6017079692477283139e-16     
13        10        0.86064646092886731843        -1.6019192977178750339e-15    
13        11        0.050427373934910459108       8.8495064180491709992e-17     
13        12        0.038888330416654653954       -3.4264635919233030499e-17    
13        13        0.92427796915569548908        2.0476616201195031888e-18     
13        14        0.041624659845128877955       -1.2005831874875977942e-17    
13        15        0.8754080264286985269         6.5262779725837584282e-17     
13        16        0.82299539810738331358        -1.3157649341493428919e-16    
13        17        0.10962475649623901197        6.662070688287129775e-17      
13        18        0.85004760400127865605        2.0562053334455776792e-16     
13        19        0.095045988277068588213       1.2179460576164296033e-17     
13        20        0.096144122048176183792       -2.6763040401146811812e-17    
13        21        0.79153387125024443627        -1.7094435839115050424e-16    
13        22        0.089066293084870101771       3.9617279215976155674e-17     
13        23        0.79403422681153967844        -1.2619581077675837343e-16    
14        0         0.06772766682975862873        2.5254456608191082372e-16     
14        1         0.0053783919461879974716      -2.4594663715559137303e-18    
14        2         0.067694355304100534143       9.0076871086075145331e-17     
14        3         0.0053509481216237626128      -1.7555392976147641289e-17    
14        4         0.0058822245317496730729      1.8184315121388973147e-17     
14        5         0.065536884035482273481       1.1343804041919918937e-16     
14        6         0.0063980428283393229669      -1.2669919240235717882e-17    
14        7         0.064303053600235152154       6.5663686304568164268e-17     
14        8         0.064080089486363303597       1.2120617738005818534e-17     
14        9         0.0072320759350129101145      -1.1502495775942355309e-17    
14        10        0.064909353602579059062       1.2088684822015945638e-16     
14        11        0.0054494480863069389917      -2.9306645176511072368e-18    
14        12        0.0069659156723014788518      -9.7250770038056634028e-18    
14        13        0.041624659845128877955       -1.2005831874875977942e-17    
14        14        0.070816291294066691098       3.3067290148953561936e-17     
14        15        0.048705071525268109345       2.0487429821262008532e-17     
14        16        0.057196727173495262586       -5.7687043202120628729e-17    
14        17        0.012755911441260635655       1.3683323473485517834e-17     
14        18        0.038418891301805618843       7.6041478230390292628e-18     
14        19        0.011042518126564294934       -2.0683219534557333807e-17    
14        20        0.0083257172139710785425      6.2257547418896345305e-18     
14        21        0.057985362360660361314       -1.7879659832038854496e-17    
14        22        0.0077007035711473981882      1.4012260435800455533e-18     
14        23        0.058315191695391864479       4.4126182816631324874e-17     
15        0         0.90470026803578518226        -2.5837840263482575704e-16    
15        1         0.07122857751361026668        -1.8295092454265017505e-16    
15        2         0.90426088288028039219        1.737361135525637039e-15      
15        3         0.070890073000433997952       -3.5509391963910333592e-16    
15        4         0.074735609527393290219       -4.1543207254357485156e-17    
15        5         0.87688116611156652347        -1.0793883858614446557e-16    
15        6         0.081142369334401179271       -9.2929096945728458475e-17    
15        7         0.86093263096087113695        1.8095761993360832291e-15     
15        8         0.87218152764578893432        -1.9388969565216777463e-15    
15        9         0.069508593309665051008       -2.7473937310613539512e-17    
15        10        0.88010160602453380019        -3.9632586902651786235e-16    
15        11        0.035803873824575754847       8.2405850141372206302e-17     
15        12        0.044740442695837295828       -2.216194748160234728e-16     
15        13        0.8754080264286985269         6.5262779725837584282e-17     
15        14        0.048705071525268109345       2.0487429821262008532e-17     
15        15        0.94577967209091995393        6.6592725399985552713e-17     
15        16        0.8410163836562873918         -2.3486806242140594789e-16    
15        17        0.1128930241114589339         -4.6687974568621442499e-18    
15        18        0.86880644438014453801        -1.8724225486951338345e-16    
15        19        0.098011487672977973262       7.7616379945080751694e-17     
15        20        0.09856744126766575631        7.5888902753601758359e-18     
15        21        0.80959448889290719364        -4.2932077308898337358e-16    
15        22        0.091306927753426830874       2.1388086664660951157e-17     
15        23        0.81215947644651820259        -2.9327383421118379413e-16    
16        0         0.84849146958138077501        -2.3386014830283789423e-15    
16        1         0.066865711300173796827       -6.75024348663030331e-17      
16        2         0.84807903287736385867        -1.873641485939772304e-15     
16        3         0.066549697799886078919       7.7155357731733711862e-17     
16        4         0.070628623734424827996       3.6797457287831314359e-17     
16        5         0.82229676828393671872        -1.721018492640300868e-16     
16        6         0.076677961024088220343       1.163462216244684233e-16      
16        7         0.80730306567959808639        -1.0137162486487807818e-15    
16        8         0.81703245664704582385        1.7670005131639763594e-15     
16        9         0.066455963892510946933       -9.5839872288353370643e-17    
16        10        0.82453479644873095555        7.1547771920584658609e-16     
16        11        0.050191716488352439152       -4.8416886317608213977e-17    
16        12        0.030522288927088633143       -5.9816418278844450242e-18    
16        13        0.82299539810738331358        -1.3157649341493428919e-16    
16        14        0.057196727173495262586       -5.7687043202120628729e-17    
16        15        0.8410163836562873918         -2.3486806242140594789e-16    
16        16        0.88703040690013834624        -1.3640165708746539184e-16    
16        17        0.063373074640068055574       7.489585528243688168e-17      
16        18        0.81655993017822103841        3.7298115947575951386e-16     
16        19        0.054815704328972675308       1.94668838603654053e-17       
16        20        0.086963925604976538564       2.0967246816414383276e-17     
16        21        0.76835847032789750255        8.7331536899855602444e-17     
16        22        0.080070255648674495963       1.3509228071298232307e-17     
16        23        0.77035505355100630798        -3.4021052021791588833e-16    
17        0         0.11582299551283760375        -1.7742259180241854345e-16    
17        1         0.0091433935585620781938      8.7965959678355912368e-18     
17        2         0.11576657949954347049        -4.3742051709757235575e-17    
17        3         0.0090995399117744565215      -1.2435992103775081928e-17    
17        4         0.009732470811830512547       6.0803996325582835703e-18     
17        5         0.1122153456804516336         2.5924502178575757692e-16     
17        6         0.010566887449375200747       -6.5981897028834615312e-19    
17        7         0.11015741077010254845        -1.862609569645277439e-16     
17        8         0.111262978859833217          1.6193575871148209034e-16     
17        9         0.009706716664045567447       -6.3003380713282235702e-19    
17        10        0.11232849083450488492        2.1279796966343347823e-17     
17        11        0.0073013908315150317929      3.7498544749343193705e-18     
17        12        0.011243423048346098611       2.7570939235233870743e-19     
17        13        0.10962475649623901197        6.662070688287129775e-17      
17        14        0.012755911441260635655       1.3683323473485517834e-17     
17        15        0.1128930241114589339         -4.6687974568621442499e-18    
17        16        0.063373074640068055574       7.489585528243688168e-17      
17        17        0.12108802338900896689        7.2908425404365968888e-17     
17        18        0.081090364137192658123       -3.5939335560428290595e-17    
17        19        0.022597396829689756631       -1.7260127943700619342e-17    
17        20        0.019505741762728349281       -2.822055577498594921e-17     
17        21        0.057718780557654648933       -1.4307954756135635126e-17    
17        22        0.018158447144092853404       -2.0837616418435073041e-17    
17        23        0.089903136725991067424       -1.1433250391765953573e-17    
18        0         0.87691466155343555933        8.054364289788871838e-16      
18        1         0.069108147295881341976       -1.5202653425657123112e-17    
18        2         0.87648839332980288397        1.7722809234496582777e-16     
18        3         0.068781413112777481378       -9.2701059007870853991e-17    
18        4         0.073010970110991571524       4.3330812186400443993e-16     
18        5         0.8498370171468594414         -1.0204578606870485552e-15    
18        6         0.07926022571509680481        1.4025367351574478649e-16     
18        7         0.8343390479815482319         -2.9855349197797351669e-16    
18        8         0.84435142732010248778        1.3259369024105082381e-16     
18        9         0.068777635147681911998       -9.5128258701734479873e-17    
18        10        0.85211802731415864365        1.1850533033868606963e-15     
18        11        0.051942179195456940344       1.6504311914980382425e-16     
18        12        0.054448397228475234333       1.6034122385664114189e-17     
18        13        0.85004760400127865605        2.0562053334455776792e-16     
18        14        0.038418891301805618843       7.6041478230390292628e-18     
18        15        0.86880644438014453801        -1.8724225486951338345e-16    
18        16        0.81655993017822103841        3.7298115947575951386e-16     
18        17        0.081090364137192658123       -3.5939335560428290595e-17    
18        18        0.91674532934757069214        4.5583035736384585023e-16     
18        19        0.069080520243693821492       -7.8430147372523058133e-18    
18        20        0.091931114028994440068       -2.3774706593172815477e-17    
18        21        0.79049460572531227154        3.5798064477015702647e-17     
18        22        0.085559588018294344125       1.0572910829330836225e-17     
18        23        0.79283201835612027164        2.9055148559189479801e-16     
19        0         0.10051013721073301377        -1.0830105014245605257e-16    
19        1         0.00793474512160802746        -2.2461361768419128233e-18    
19        2         0.10046117567282006333        -2.9885964033409162048e-16    
19        3         0.0078966743008559887873      1.324814128313305002e-17      
19        4         0.008446296441196796817       1.5541102608536676419e-17     
19        5         0.097379029360490768075       2.1248806156059719996e-16     
19        6         0.0091705013499551943368      6.2146542076796548268e-18     
19        7         0.095592930463974185029       -1.1876873646713493636e-16    
19        8         0.096549921304445160408       2.5007588960747171999e-17     
19        9         0.0084094328410617737168      1.2523382536119855845e-18     
19        10        0.097474878803045145181       -1.2816730797425446098e-16    
19        11        0.0063445737410929734998      -1.2231916764231617237e-18    
19        12        0.0096847228371531764168      -8.7796022416999120957e-18    
19        13        0.095045988277068588213       1.2179460576164296033e-17     
19        14        0.011042518126564294934       -2.0683219534557333807e-17    
19        15        0.098011487672977973262       7.7616379945080751694e-17     
19        16        0.054815704328972675308       1.94668838603654053e-17       
19        17        0.022597396829689756631       -1.7260127943700619342e-17    
19        18        0.069080520243693821492       -7.8430147372523058133e-18    
19        19        0.10507915220518534993        -2.0630364887845350323e-17    
19        20        0.017229621572844931732       4.3387407898731543505e-18     
19        21        0.07678646636227268174        4.047665854242055062e-17      
19        22        0.016066624452035990073       4.8100621050242016596e-17     
19        23        0.049339326942485363381       1.3266220609521668203e-17     
20        0         0.10004359652295263805        9.2898616057678515245e-17     
20        1         0.0078902971370562544756      5.0327578891434119218e-18     
20        2         0.099994924160153444981       4.2160785670466664174e-16     
20        3         0.0078527692533593446839      -1.1713255916555155313e-17    
20        4         0.0083638890798233469365      5.293080035833193603e-18      
20        5         0.096942858946713214574       6.3250595436916421784e-18     
20        6         0.0090803336898357955853      -4.4397068061331138431e-18    
20        7         0.095170752205893147102       -5.8874221082688851138e-18    
20        8         0.09623844381437912654        7.4626355415266692232e-17     
20        9         0.008089646606225790737       1.2241240812487438523e-17     
20        10        0.097137817041699769938       7.6709738948114395395e-17     
20        11        0.0060975712206192116821      7.7232133888090595183e-18     
20        12        0.0074794836773858647261      -4.5173329001232767261e-18    
20        13        0.096144122048176183792       -2.6763040401146811812e-17    
20        14        0.0083257172139710785425      6.2257547418896345305e-18     
20        15        0.09856744126766575631        7.5888902753601758359e-18     
20        16        0.086963925604976538564       2.0967246816414383276e-17     
20        17        0.019505741762728349281       -2.822055577498594921e-17     
20        18        0.091931114028994440068       -2.3774706593172815477e-17    
20        19        0.017229621572844931732       4.3387407898731543505e-18     
20        20        0.10458928833469322006        3.4057734616717698956e-18     
20        21        0.042867996357763456239       2.5084737091466824902e-17     
20        22        0.0057015656590316638949      -3.4352069091992036552e-19    
20        23        0.04286254280937632638        -8.221832918904231226e-18     
21        0         0.81815774248389816492        -1.3081844191442861724e-15    
21        1         0.064488044358223819974       -4.1515956956742508191e-17    
21        2         0.81775997424173940686        4.2978705815762636561e-16     
21        3         0.064182989984198385303       -4.3430449554758939335e-17    
21        4         0.068189699610172752053       1.2574929394469136559e-16     
21        5         0.7928761994554491821         -2.2216681964561443161e-17    
21        6         0.074027654507565501807       -3.232531843424363596e-16     
21        7         0.77841132990008177206        -6.2667616331711441174e-16    
21        8         0.78763067398810049369        1.4493580730095294985e-16     
21        9         0.064874554007709722692       -2.3991467218614045677e-17    
21        10        0.79489167810227190358        -1.4597435469508172078e-15    
21        11        0.048924774458566210045       5.048624743092423858e-17      
21        12        0.052744127541597365938       1.5346119447628202488e-18     
21        13        0.79153387125024443627        -1.7094435839115050424e-16    
21        14        0.057985362360660361314       -1.7879659832038854496e-17    
21        15        0.80959448889290719364        -4.2932077308898337358e-16    
21        16        0.76835847032789750255        8.7331536899855602444e-17     
21        17        0.057718780557654648933       -1.4307954756135635126e-17    
21        18        0.79049460572531227154        3.5798064477015702647e-17     
21        19        0.07678646636227268174        4.047665854242055062e-17      
21        20        0.042867996357763456239       2.5084737091466824902e-17     
21        21        0.85532180194084661551        -3.2254144974550030424e-16    
21        22        0.04007371502204160052        2.4531288758371678796e-18     
21        23        0.74596662185299944525        -1.3188844316709602753e-16    
22        0         0.09266397092273928604        -2.0646216355724460982e-17    
22        1         0.0073080951378399457499      2.559779865694683477e-18      
22        2         0.092618888705526120075       -3.0126050214458429951e-17    
22        3         0.0072733457701895506617      4.4495997536801296494e-18     
22        4         0.0077460146894846142185      9.4565570993913745893e-18     
22        5         0.089792292630047426671       8.9436236891903826797e-17     
22        6         0.0084095352302002417816      -1.2167509250040205595e-17    
22        7         0.088151019112163525593       -2.6533599575558953271e-16    
22        8         0.089141881599615710452       2.0150257356285019566e-16     
22        9         0.0074880840512574183346      -7.1439155983088339365e-18    
22        10        0.08997433524320658238        1.8648965582373374609e-16     
22        11        0.0056443361343298950952      -2.0413130053049442587e-18    
22        12        0.0068848278581463235801      5.8687076473127424962e-18     
22        13        0.089066293084870101771       3.9617279215976155674e-17     
22        14        0.0077007035711473981882      1.4012260435800455533e-18     
22        15        0.091306927753426830874       2.1388086664660951157e-17     
22        16        0.080070255648674495963       1.3509228071298232307e-17     
22        17        0.018158447144092853404       -2.0837616418435073041e-17    
22        18        0.085559588018294344125       1.0572910829330836225e-17     
22        19        0.016066624452035990073       4.8100621050242016596e-17     
22        20        0.0057015656590316638949      -3.4352069091992036552e-19    
22        21        0.04007371502204160052        2.4531288758371678796e-18     
22        22        0.096874303936361080836       6.8325173825968179517e-17     
22        23        0.038816595861611860596       -4.6070970581953265519e-19    
23        0         0.82077561327217618548        2.1360440863633906193e-15     
23        1         0.064694681827957789544       -5.9622199353538305824e-17    
23        2         0.82037657079658210524        1.8459812694314099665e-17     
23        3         0.064388645565032182061       -1.8247626800519445229e-16    
23        4         0.068409818211999012805       1.6640436098820736845e-16     
23        5         0.79541267150413763609        -1.8926960732577629104e-15    
23        6         0.074266595253490289008       -1.2437037771302520042e-16    
23        7         0.78090137328058495392        -7.68721787815622922e-16      
23        8         0.79014704278510849988        9.6542697711588128371e-16     
23        9         0.065100491192372794691       1.5608964312029178558e-16     
23        10        0.79743172996223254945        5.8710733490638890901e-16     
23        11        0.04908999702945078536        -8.7688219011504408436e-17    
23        12        0.05306572358777351256        1.1302606521765234741e-16     
23        13        0.79403422681153967844        -1.2619581077675837343e-16    
23        14        0.058315191695391864479       4.4126182816631324874e-17     
23        15        0.81215947644651820259        -2.9327383421118379413e-16    
23        16        0.77035505355100630798        -3.4021052021791588833e-16    
23        17        0.089903136725991067424       -1.1433250391765953573e-17    
23        18        0.79283201835612027164        2.9055148559189479801e-16     
23        19        0.049339326942485363381       1.3266220609521668203e-17     
23        20        0.04286254280937632638        -8.221832918904231226e-18     
23        21        0.74596662185299944525        -1.3188844316709602753e-16    
23        22        0.038816595861611860596       -4.6070970581953265519e-19    
23        23        0.85805864957471922327        -1.0973468712741490974e-16    
