0         0         0.97357822085541168011        1.038314747110805254e-15      
0         1         0.029302997163931251284       1.4748755816616934637e-17     
0         2         0.94687051312992520646        -9.5167799700966090366e-16    
0         3         0.029945140274479822851       5.0437897975940084171e-18     
0         4         0.043110383999013256184       5.876338392493090362e-17      
0         5         0.93304315405175175524        3.3876895563155506061e-16     
0         6         0.046144424073747879189       -2.4965783769125895589e-17    
0         7         0.92570456027211767136        1.87193329975344653e-16       
0         8         0.93052552591158466111        1.8431887964919351587e-16     
0         9         0.042264331769556781615       3.1444683146128460031e-16     
0         10        0.93431043401575253338        1.0250221982166024669e-15     
0         11        0.033588232616057298041       4.0484836799370633894e-17     
0         12        0.035896623359882591509       -7.793751325616882759e-17     
0         13        0.9319562887198271639         -6.2644299437897421444e-15    
0         14        0.038712543546450588205       -6.7866397316004025682e-17    
0         15        0.94180723952810452282        4.27070634452676096e-15       
0         16        0.9175500737241505389         -2.2139958933535889482e-15    
0         17        0.059237140949675311241       3.2979460735989804615e-16     
0         18        0.92915990118396096786        -2.6631063143593233339e-15    
0         19        0.052229458712091364481       5.9291361337787532375e-16     
0         20        0.066791704611731103625       -1.9370576773414271138e-16    
0         21        0.88818739980680394552        -4.6284997319192088706e-15    
0         22        0.063161327045139714631       3.7388931616488917778e-16     
0         23        0.88986103094377189127        1.9165297806629047114e-15     
1         0         0.029302997163931251284       1.4748755816616934637e-17     
1         1         0.043477356106531903079       -5.059332042732603992e-18     
1         2         0.029160518691678342929       -4.8848464286685938882e-18    
1         3         0.0022941546547221519994      1.0801164328522063269e-18     
1         4         0.0025585059972971601998      4.9828134087910567846e-18     
1         5         0.026273800049863713785       5.8741024729289088934e-18     
1         6         0.0027875493584374922036      -4.0370892628962512072e-18    
1         7         0.040088815875297105495       2.3946955920225287002e-19     
1         8         0.041252440922235747434       1.9401731851813379073e-17     
1         9         0.0019318897596704714958      -1.0859231489789297978e-17    
1         10        0.04143061457904834155        -4.5923564827638991809e-18    
1         11        0.0015310295107755316196      -2.7689507853030938198e-18    
1         12        0.0016049713795575947309      -5.2915157482955638784e-18    
1         13        0.041602275741907376871       1.5291139704733139666e-16     
1         14        0.0017310482928457235872      -5.8496227657691670695e-18    
1         15        0.042048601877505469016       -1.893272707694083451e-16     
1         16        0.040974406565010369763       1.835282178295134832e-18      
1         17        0.0026456771400884850076      1.8916457593913266167e-17     
1         18        0.041492952101896303507       4.266103938222811279e-16      
1         19        0.0023326896827636227523      -1.0108837780057743043e-17    
1         20        0.002982807594160554604       3.2905668282805971158e-17     
1         21        0.039663871224956390171       1.3989815856302290789e-16     
1         22        0.0028206781372086629084      -1.1163159707694090738e-17    
1         23        0.039738620870993855705       4.0196192033573010694e-16     
2         0         0.94687051312992520646        -9.5167799700966090366e-16    
2         1         0.029160518691678342929       -4.8848464286685938882e-18    
2         2         0.97327829635840334976        -3.3510107223859996031e-16    
2         3         0.029763932352232309181       -1.431513968009650418e-17     
2         4         0.043077582354884853821       6.0095023808849419397e-17     
2         5         0.93276837826975167456        1.4965021461426635607e-16     
2         6         0.046136090965194415103       7.6692712854096302184e-17     
2         7         0.92543424485508807287        3.7657991206160382802e-16     
2         8         0.9302381768782647109         6.6910807833578589301e-16     
2         9         0.042250900068694648148       -1.6351795599268298064e-16    
2         10        0.93402389578657818436        -2.254568686647164359e-16     
2         11        0.033577555114131137082       -1.4335205442577693247e-17    
2         12        0.035885550665341763021       4.6153768021066966834e-18     
2         13        0.93166919820894500415        3.7135362245846906474e-15     
2         14        0.038700598925550507012       -9.9640719891221649037e-18    
2         15        0.9415171169300577958         -4.8494331885556136413e-15    
2         16        0.91726741125173627545        3.2056364230060960944e-15     
2         17        0.059218890372065548233       1.6114854760100390709e-16     
2         18        0.92887366192373332918        5.6037789732192994496e-15     
2         19        0.052213367149976805393       -2.632068327385672851e-16     
2         20        0.06677112811750200716        -5.7468776748283742758e-17    
2         21        0.88791378172276957947        2.4948072206676915872e-15     
2         22        0.063141868956587618444       5.1596244356001740567e-17     
2         23        0.88958689725175921215        4.6375739958110486143e-15     
3         0         0.029945140274479822851       5.0437897975940084171e-18     
3         1         0.0022941546547221519994      1.0801164328522063269e-18     
3         2         0.029763932352232309181       -1.431513968009650418e-17     
3         3         0.043200910046958439226       -1.5178317650187470149e-17    
3         4         0.0025253265672583102494      8.3276651418063474099e-20     
3         5         0.040308917136550832805       -9.3606815682253583652e-18    
3         6         0.0027485220100133744489      -3.5069444736549169785e-19    
3         7         0.024074972690959945548       -3.0798615673404251537e-17    
3         8         0.040974381515471759718       -8.5240452931207565156e-18    
3         9         0.0019166427496963235524      -5.5114658814754791458e-19    
3         10        0.041149694779891922425       -1.6240512381279959028e-17    
3         11        0.0015217670513296300411      -2.8807612033523236813e-18    
3         12        0.0015947248248857795287      -3.4121332579310504556e-18    
3         13        0.041337571899173412848       3.7842129315629372538e-16     
3         14        0.0017199831673052785874      5.6823999154365637252e-19     
3         15        0.041780411900272908243       -1.1439545566497352947e-16    
3         16        0.040713856044512303223       -1.0259538343511115527e-16    
3         17        0.0026288508033912483426      3.4555016793256382475e-17     
3         18        0.041229103688312854215       -1.9561384178077710843e-16    
3         19        0.0023178542192753221265      -1.1189985175828510144e-17    
3         20        0.0029638408037929108406      1.1901795597456949347e-17     
3         21        0.039411672277180634372       3.6975997761641409834e-16     
3         22        0.0028027423187214619768      2.8695998907436110032e-17     
3         23        0.039485946787111647627       -2.1081472152641262685e-16    
4         0         0.043110383999013256184       5.876338392493090362e-17      
4         1         0.0025585059972971601998      4.9828134087910567846e-18     
4         2         0.043077582354884853821       6.0095023808849419397e-17     
4         3         0.0025253265672583102494      8.3276651418063474099e-20     
4         4         0.04459503315455740774        1.3904094400550439515e-16     
4         5         0.030609290228477345486       -5.2904961837805454058e-18    
4         6         0.0026450851358047651474      -1.0184586466431999557e-17    
4         7         0.027838580802917275991       8.4396201424611101798e-17     
4         8         0.026012471297042698282       8.293957885898474523e-17      
4         9         0.0025724856264029995721      4.6640691944421574776e-17     
4         10        0.041699659058506831355       1.2795520517655958204e-16     
4         11        0.0019867055640372384244      1.8948192176103545756e-18     
4         12        0.0016694510225974035136      -7.0931068336011866934e-18    
4         13        0.04240628573904019899        1.5459165232562240708e-16     
4         14        0.0018008900147317011883      9.9028740824166161993e-19     
4         15        0.042960971227763870839       8.9517959059921850532e-17     
4         16        0.042015864153745023646       1.1196081513013700319e-17     
4         17        0.0027169992791733817844      -8.0081869714669770049e-18    
4         18        0.042549075995687753171       -5.4238537143005471011e-17    
4         19        0.0023954798984714199307      2.1565508506301434244e-18     
4         20        0.0030602086029844553609      1.3674307992898927252e-17     
4         21        0.040681711549610803658       -3.3372409905540402742e-16    
4         22        0.0028938452660189446439      1.20017454915706653e-17       
4         23        0.040758505318664393913       -4.1332290854752844353e-16    
5         0         0.93304315405175175524        3.3876895563155506061e-16     
5         1         0.026273800049863713785       5.8741024729289088934e-18     
5         2         0.93276837826975167456        1.4965021461426635607e-16     
5         3         0.040308917136550832805       -9.3606815682253583652e-18    
5         4         0.030609290228477345486       -5.2904961837805454058e-18    
5         5         0.95801415029352809949        3.4055826020529042435e-16     
5         6         0.03235662267593727992        -1.1182871965169673106e-17    
5         7         0.91096868678379749884        -2.1609330021201171713e-16    
5         8         0.91623420783788200872        4.1302889623777095969e-16     
5         9         0.041275988875413359425       2.8419765945181303803e-18     
5         10        0.91989618912251913674        4.5670572543663210558e-16     
5         11        0.032791941757897589971       2.6776411314423354844e-17     
5         12        0.035312698252530659582       -4.0989671494421216546e-17    
5         13        0.91708872690853415754        7.2257945514617523426e-16     
5         14        0.038081420104513555303       2.2217568346375332188e-16     
5         15        0.92677180681846094146        8.6108681192415376309e-16     
5         16        0.90288391553618585483        -5.9042622169643478794e-15    
5         17        0.058288918318470814284       -2.3128417265157303732e-16    
5         18        0.914307833195657782          -4.3173201557697654265e-15    
5         19        0.051393436365174849367       -5.6178586702911981251e-17    
5         20        0.065723676318598989177       3.6325299087465819627e-17     
5         21        0.87398891797010080928        -3.1488174528892829596e-15    
5         22        0.062151358855395452685       -8.6295319628081169093e-17    
5         23        0.87563576779536322903        -9.1548443256956288734e-15    
6         0         0.046144424073747879189       -2.4965783769125895589e-17    
6         1         0.0027875493584374922036      -4.0370892628962512072e-18    
6         2         0.046136090965194415103       7.6692712854096302184e-17     
6         3         0.0027485220100133744489      -3.5069444736549169785e-19    
6         4         0.0026450851358047651474      -1.0184586466431999557e-17    
6         5         0.03235662267593727992        -1.1182871965169673106e-17    
6         6         0.047779755721605338126       4.086340097619349563e-17      
6         7         0.029012943490523520479       6.8352490197151623599e-17     
6         8         0.044406886013852821249       1.1160083483285438726e-17     
6         9         0.0027662716018510362902      8.9404786324595528384e-18     
6         10        0.02951368324109890362        4.4046242751950026591e-17     
6         11        0.0021437374970679997678      6.4141631052532567577e-18     
6         12        0.0017878073773365645363      -8.6813796461119916791e-18    
6         13        0.045444913609264829535       -3.0188745253386888105e-16    
6         14        0.0019314502279332774245      6.7275062436420455893e-18     
6         15        0.046033636943343711478       3.1344509139588670126e-16     
6         16        0.045017005344809131462       -1.4845104725257819965e-16    
6         17        0.002911103573538315753       -4.6527817558892792735e-18    
6         18        0.045587477983990661035       2.3828095597851433197e-16     
6         19        0.0025666162072360268129      4.003157154160904479e-19      
6         20        0.0032787678966299410067      -3.3444215804575051393e-17    
6         21        0.043586958682911500218       -4.5461465298074056829e-16    
6         22        0.0031005240841808666061      7.9386806432846398433e-18     
6         23        0.043669234942953223666       2.4719539543664061915e-16     
7         0         0.92570456027211767136        1.87193329975344653e-16       
7         1         0.040088815875297105495       2.3946955920225287002e-19     
7         2         0.92543424485508807287        3.7657991206160382802e-16     
7         3         0.024074972690959945548       -3.0798615673404251537e-17    
7         4         0.027838580802917275991       8.4396201424611101798e-17     
7         5         0.91096868678379749884        -2.1609330021201171713e-16    
7         6         0.029012943490523520479       6.8352490197151623599e-17     
7         7         0.95039351256328918893        2.1228300952709114565e-16     
7         8         0.90908498387978697863        -3.9179794913104052573e-17    
7         9         0.040833292765531284396       1.5252973508407909668e-16     
7         10        0.91270138336695572079        1.7310189996903212681e-16     
7         11        0.032464747990109607545       1.0150827967103925696e-17     
7         12        0.035028347863197778489       1.4012889393121295916e-17     
7         13        0.90979986786448163727        -6.6532379715486329433e-15    
7         14        0.03777422848309590353        1.3282937763459144865e-16     
7         15        0.91940689267243780325        -4.7928301588642053586e-15    
7         16        0.89570250850444099733        -5.2616682948255651788e-15    
7         17        0.057824816734685223485       -6.9955974656387169913e-17    
7         18        0.90703544622993104163        -2.0282504618305435354e-15    
7         19        0.050984244281146118283       1.1421394909304899848e-16     
7         20        0.06520077306399357786        2.9488729431375652669e-16     
7         21        0.86703683886856341978        -2.5320368596117595361e-15    
7         22        0.06165688035864135691        -2.7959805846314710257e-16    
7         23        0.86867058049847489798        -3.0262030792910692287e-16    
8         0         0.93052552591158466111        1.8431887964919351587e-16     
8         1         0.041252440922235747434       1.9401731851813379073e-17     
8         2         0.9302381768782647109         6.6910807833578589301e-16     
8         3         0.040974381515471759718       -8.5240452931207565156e-18    
8         4         0.026012471297042698282       8.293957885898474523e-17      
8         5         0.91623420783788200872        4.1302889623777095969e-16     
8         6         0.044406886013852821249       1.1160083483285438726e-17     
8         7         0.90908498387978697863        -3.9179794913104052573e-17    
8         8         0.95574969803286824455        -6.7120214381575949353e-17    
8         9         0.027390681044338827804       -2.3191485684319608043e-17    
8         10        0.91767802563023503915        -5.8050575286523226073e-17    
8         11        0.020982052452999569447       6.3358036006152907803e-18     
8         12        0.034990098295630066294       -1.6249056542434080456e-17    
8         13        0.9154296330678671767         3.2597014771786360396e-15     
8         14        0.037690187339446894199       -6.9192745032894222756e-16    
8         15        0.92494589398251070289        1.0012816703562420778e-14     
8         16        0.90078571300103860153        -1.4851149366378125856e-15    
8         17        0.058128321340703996423       1.4950438568543627363e-16     
8         18        0.91217636914970112727        4.0805882114102685667e-15     
8         19        0.051252330219445071946       1.8466913054390939811e-16     
8         20        0.065563903419253014015       -3.5145620443471044845e-16    
8         21        0.87193072337237464975        -3.0248499458930720399e-16    
8         22        0.062000398163906303428       -1.1234266800804898457e-16    
8         23        0.87357327362599046516        1.5445232864657993099e-15     
9         0         0.042264331769556781615       3.1444683146128460031e-16     
9         1         0.0019318897596704714958      -1.0859231489789297978e-17    
9         2         0.042250900068694648148       -1.6351795599268298064e-16    
9         3         0.0019166427496963235524      -5.5114658814754791458e-19    
9         4         0.0025724856264029995721      4.6640691944421574776e-17     
9         5         0.041275988875413359425       2.8419765945181303803e-18     
9         6         0.0027662716018510362902      8.9404786324595528384e-18     
9         7         0.040833292765531284396       1.5252973508407909668e-16     
9         8         0.027390681044338827804       -2.3191485684319608043e-17    
9         9         0.043428073633464049641       1.1565959332879646035e-16     
9         10        0.029410780019077747277       9.9544202162104675723e-17     
9         11        0.0016699270924068173108      7.3522524556209305733e-19     
9         12        0.0020268332721761371171      -4.5395407401139898753e-18    
9         13        0.025859870398500635347       1.6341118437963013088e-16     
9         14        0.002219886717964933507       2.6267762255174197324e-17     
9         15        0.041295233822610043217       5.6876785395428555242e-16     
9         16        0.040673392557675942804       -2.5602203457761645384e-16    
9         17        0.0026969096042707006895      3.5692545658065330988e-18     
9         18        0.041207946724257864257       -4.2189652367403984103e-18    
9         19        0.0023743326304242061593      -5.1331470445976714106e-18    
9         20        0.0029899880263084903896      2.16297803748039469e-18       
9         21        0.039588357360995259093       -1.151344091871963321e-16     
9         22        0.0028271293895072847728      5.7627489558449869821e-18     
9         23        0.039665738090772034719       5.3112512747066236551e-17     
10        0         0.93431043401575253338        1.0250221982166024669e-15     
10        1         0.04143061457904834155        -4.5923564827638991809e-18    
10        2         0.93402389578657818436        -2.254568686647164359e-16     
10        3         0.041149694779891922425       -1.6240512381279959028e-17    
10        4         0.041699659058506831355       1.2795520517655958204e-16     
10        5         0.91989618912251913674        4.5670572543663210558e-16     
10        6         0.02951368324109890362        4.4046242751950026591e-17     
10        7         0.91270138336695572079        1.7310189996903212681e-16     
10        8         0.91767802563023503915        -5.8050575286523226073e-17    
10        9         0.029410780019077747277       9.9544202162104675723e-17     
10        10        0.95964299874153469183        2.7278968970939485085e-17     
10        11        0.022538545848236637287       -5.6446282386452891182e-18    
10        12        0.035165937842294422988       -4.1857827150984516681e-17    
10        13        0.91910481604558902369        -6.6064641770636913948e-15    
10        14        0.037905811723257458457       -4.781871564591565148e-17     
10        15        0.9286749557550795231         -5.2503299648601186592e-15    
10        16        0.90444897728501327805        -2.1509796066992933319e-15    
10        17        0.058369209128937844799       2.8675381927842447079e-16     
10        18        0.9158884500059367717         -2.8479598204713600378e-16    
10        19        0.051464608417261657747       6.812722655407299445e-16      
10        20        0.065831806201025508396       -3.547632063872431455e-17     
10        21        0.87548124897525048116        1.5523236128590655114e-15     
10        22        0.06225370504268930294        -4.7675254730046832421e-16    
10        23        0.87713055428664754576        5.1458369629103293208e-15     
11        0         0.033588232616057298041       4.0484836799370633894e-17     
11        1         0.0015310295107755316196      -2.7689507853030938198e-18    
11        2         0.033577555114131137082       -1.4335205442577693247e-17    
11        3         0.0015217670513296300411      -2.8807612033523236813e-18    
11        4         0.0019867055640372384244      1.8948192176103545756e-18     
11        5         0.032791941757897589971       2.6776411314423354844e-17     
11        6         0.0021437374970679997678      6.4141631052532567577e-18     
11        7         0.032464747990109607545       1.0150827967103925696e-17     
11        8         0.020982052452999569447       6.3358036006152907803e-18     
11        9         0.0016699270924068173108      7.3522524556209305733e-19     
11        10        0.022538545848236637287       -5.6446282386452891182e-18    
11        11        0.03451282904898911319        1.0842125122434078659e-19     
11        12        0.0015937307546278287745      9.183549615799121156e-41      
11        13        0.03229281660520306324        3.9810098121375585577e-17     
11        14        0.0017466540927055546496      -2.3420566440429041045e-18    
11        15        0.02243545344512665532        -2.2591546814050147013e-17    
11        16        0.03235805168725471026        -1.4467171747315129501e-18    
11        17        0.0021389371672497011108      3.420748166451617272e-18      
11        18        0.03278080702122121437        3.706589493040437699e-18      
11        19        0.001886015964700767187       -2.8834069568994042858e-18    
11        20        0.0023756047225615101008      -2.6952621888665263436e-18    
11        21        0.031465029068806958656       -5.4088161719723077655e-17    
11        22        0.0022462369824736917907      2.5012880243853041381e-18     
11        23        0.031525539531911193902       -1.3904892860613312631e-17    
12        0         0.035896623359882591509       -7.793751325616882759e-17     
12        1         0.0016049713795575947309      -5.2915157482955638784e-18    
12        2         0.035885550665341763021       4.6153768021066966834e-18     
12        3         0.0015947248248857795287      -3.4121332579310504556e-18    
12        4         0.0016694510225974035136      -7.0931068336011866934e-18    
12        5         0.035312698252530659582       -4.0989671494421216546e-17    
12        6         0.0017878073773365645363      -8.6813796461119916791e-18    
12        7         0.035028347863197778489       1.4012889393121295916e-17     
12        8         0.034990098295630066294       -1.6249056542434080456e-17    
12        9         0.0020268332721761371171      -4.5395407401139898753e-18    
12        10        0.035165937842294422988       -4.1857827150984516681e-17    
12        11        0.0015937307546278287745      9.183549615799121156e-41      
12        12        0.036871436493885217933       1.3129010685597098876e-20     
12        13        0.023382250506059094192       4.3057025823939771547e-17     
12        14        0.0018534650649552225112      -9.2137339435575238686e-19    
12        15        0.025941897896409951696       -4.363561711535936576e-17     
12        16        0.020369490337611456665       -6.0413962766364215373e-18    
12        17        0.0030732731953193371567      -3.5369448834440382753e-18    
12        18        0.034119299874325735578       5.3876509966110374874e-17     
12        19        0.0026729916042244157223      -1.802115532771178628e-18     
12        20        0.0026673062039401134252      -3.5018195220574043244e-18    
12        21        0.033164428649562184559       3.3959721458040088567e-17     
12        22        0.002515786835850557495       -3.0282023503616652648e-18    
12        23        0.033268836354437135439       2.8979167494068240844e-17     
13        0         0.9319562887198271639         -6.2644299437897421444e-15    
13        1         0.041602275741907376871       1.5291139704733139666e-16     
13        2         0.93166919820894500415        3.7135362245846906474e-15     
13        3         0.041337571899173412848       3.7842129315629372538e-16     
13        4         0.04240628573904019899        1.5459165232562240708e-16     
13        5         0.91708872690853415754        7.2257945514617523426e-16     
13        6         0.045444913609264829535       -3.0188745253386888105e-16    
13        7         0.90979986786448163727        -6.6532379715486329433e-15    
13        8         0.9154296330678671767         3.2597014771786360396e-15     
13        9         0.025859870398500635347       1.6341118437963013088e-16     
13        10        0.91910481604558902369        -6.6064641770636913948e-15    
13        11        0.03229281660520306324        3.9810098121375585577e-17     
13        12        0.023382250506059094192       4.3057025823939771547e-17     
13        13        0.95724679263668621676        2.4763085487781422553e-18     
13        14        0.024307824279354593722       -1.2297849163396337247e-18    
13        15        0.92619118632114050271        -1.2115830539365506649e-16    
13        16        0.90294919358075897975        -1.0346741762821514517e-16    
13        17        0.057685564546928587426       1.0161198622689308154e-16     
13        18        0.914239713193501502          -6.5594424958023990325e-16    
13        19        0.050857251739169759275       4.6706532249870705701e-18     
13        20        0.065579308240199557511       -4.4499423576348000636e-17    
13        21        0.87343778956552631243        -6.9928719986990182934e-16    
13        22        0.062016761309148148162       3.1314205902546058455e-17     
13        23        0.8750756109134552041         1.1901694255194138032e-16     
14        0         0.038712543546450588205       -6.7866397316004025682e-17    
14        1         0.0017310482928457235872      -5.8496227657691670695e-18    
14        2         0.038700598925550507012       -9.9640719891221649037e-18    
14        3         0.0017199831673052785874      5.6823999154365637252e-19     
14        4         0.0018008900147317011883      9.9028740824166161993e-19     
14        5         0.038081420104513555303       2.2217568346375332188e-16     
14        6         0.0019314502279332774245      6.7275062436420455893e-18     
14        7         0.03777422848309590353        1.3282937763459144865e-16     
14        8         0.037690187339446894199       -6.9192745032894222756e-16    
14        9         0.002219886717964933507       2.6267762255174197324e-17     
14        10        0.037905811723257458457       -4.781871564591565148e-17     
14        11        0.0017466540927055546496      -2.3420566440429041045e-18    
14        12        0.0018534650649552225112      -9.2137339435575238686e-19    
14        13        0.024307824279354593722       -1.2297849163396337247e-18    
14        14        0.039763917058045973596       9.6056218313047015802e-18     
14        15        0.02739480555400659878        6.7469050894824778817e-19     
14        16        0.036142005006460413419       -6.4251813278984196915e-17    
14        17        0.0033794012029492704295      2.8612115567974220415e-18     
14        18        0.024124257704872857644       2.794947925217829895e-19      
14        19        0.0029473893591770434879      -1.6858557547520813889e-18    
14        20        0.0028883885396509940101      -1.5049445158663453471e-18    
14        21        0.035756310899516571822       -6.6072023381127762249e-18    
14        22        0.0027302641840514720213      -2.8000755198719106538e-18    
14        23        0.035864273207709414237       1.823003301467973399e-17      
15        0         0.94180723952810452282        4.27070634452676096e-15       
15        1         0.042048601877505469016       -1.893272707694083451e-16     
15        2         0.9415171169300577958         -4.8494331885556136413e-15    
15        3         0.041780411900272908243       -1.1439545566497352947e-16    
15        4         0.042960971227763870839       8.9517959059921850532e-17     
15        5         0.92677180681846094146        8.6108681192415376309e-16     
15        6         0.046033636943343711478       3.1344509139588670126e-16     
15        7         0.91940689267243780325        -4.7928301588642053586e-15    
15        8         0.92494589398251070289        1.0012816703562420778e-14     
15        9         0.041295233822610043217       5.6876785395428555242e-16     
15        10        0.9286749557550795231         -5.2503299648601186592e-15    
15        11        0.02243545344512665532        -2.2591546814050147013e-17    
15        12        0.025941897896409951696       -4.363561711535936576e-17     
15        13        0.92619118632114050271        -1.2115830539365506649e-16    
15        14        0.02739480555400659878        6.7469050894824778817e-19     
15        15        0.96736555572359517186        -1.8006918858545994307e-16    
15        16        0.9122409256925941845         6.1028102159372882614e-16     
15        17        0.058440166975212599898       4.9235890851464537211e-17     
15        18        0.92368229959483072466        -5.0985474830449822368e-16    
15        19        0.051549023199182003596       -7.4006740010859053765e-19    
15        20        0.066301202832359032446       -1.0825589836308278247e-17    
15        21        0.88262310414446598639        -1.3388859202966486725e-15    
15        22        0.062698759295383266199       2.9837997357934167375e-17     
15        23        0.88427952655072050714        -5.0555948290222288917e-16    
16        0         0.9175500737241505389         -2.2139958933535889482e-15    
16        1         0.040974406565010369763       1.835282178295134832e-18      
16        2         0.91726741125173627545        3.2056364230060960944e-15     
16        3         0.040713856044512303223       -1.0259538343511115527e-16    
16        4         0.042015864153745023646       1.1196081513013700319e-17     
16        5         0.90288391553618585483        -5.9042622169643478794e-15    
16        6         0.045017005344809131462       -1.4845104725257819965e-16    
16        7         0.89570250850444099733        -5.2616682948255651788e-15    
16        8         0.90078571300103860153        -1.4851149366378125856e-15    
16        9         0.040673392557675942804       -2.5602203457761645384e-16    
16        10        0.90444897728501327805        -2.1509796066992933319e-15    
16        11        0.03235805168725471026        -1.4467171747315129501e-18    
16        12        0.020369490337611456665       -6.0413962766364215373e-18    
16        13        0.90294919358075897975        -1.0346741762821514517e-16    
16        14        0.036142005006460413419       -6.4251813278984196915e-17    
16        15        0.9122409256925941845         6.1028102159372882614e-16     
16        16        0.94245116919591453986        -1.4923216032567554665e-16    
16        17        0.035201578054070870039       3.9174115564012438187e-17     
16        18        0.89985181712880124572        4.6970851035037303087e-16     
16        19        0.031126570211020800766       7.7695199591601328403e-18     
16        20        0.062648904540328093082       -4.2319898896818554135e-17    
16        21        0.86273885374329128961        -1.3185093964958474773e-16    
16        22        0.059143162583090172491       1.0124853099158805613e-18     
16        23        0.86415918462145735468        -3.6643669616275893345e-16    
17        0         0.059237140949675311241       3.2979460735989804615e-16     
17        1         0.0026456771400884850076      1.8916457593913266167e-17     
17        2         0.059218890372065548233       1.6114854760100390709e-16     
17        3         0.0026288508033912483426      3.4555016793256382475e-17     
17        4         0.0027169992791733817844      -8.0081869714669770049e-18    
17        5         0.058288918318470814284       -2.3128417265157303732e-16    
17        6         0.002911103573538315753       -4.6527817558892792735e-18    
17        7         0.057824816734685223485       -6.9955974656387169913e-17    
17        8         0.058128321340703996423       1.4950438568543627363e-16     
17        9         0.0026969096042707006895      3.5692545658065330988e-18     
17        10        0.058369209128937844799       2.8675381927842447079e-16     
17        11        0.0021389371672497011108      3.420748166451617272e-18      
17        12        0.0030732731953193371567      -3.5369448834440382753e-18    
17        13        0.057685564546928587426       1.0161198622689308154e-16     
17        14        0.0033794012029492704295      2.8612115567974220415e-18     
17        15        0.058440166975212599898       4.9235890851464537211e-17     
17        16        0.035201578054070870039       3.9174115564012438187e-17     
17        17        0.060844852633243122486       1.045432943959239978e-16      
17        18        0.041734901474445196268       -1.7166480438389297497e-17    
17        19        0.0054716903902972966259      4.3317324782817608675e-17     
17        20        0.0065775635027720399592      -1.8715026261721353006e-18    
17        21        0.033255499578191891064       -3.6509376490890778871e-18    
17        22        0.0062241017942469868685      -1.4987462137343803459e-17    
17        23        0.051443863838991660264       -1.4048741149523572384e-17    
18        0         0.92915990118396096786        -2.6631063143593233339e-15    
18        1         0.041492952101896303507       4.266103938222811279e-16      
18        2         0.92887366192373332918        5.6037789732192994496e-15     
18        3         0.041229103688312854215       -1.9561384178077710843e-16    
18        4         0.042549075995687753171       -5.4238537143005471011e-17    
18        5         0.914307833195657782          -4.3173201557697654265e-15    
18        6         0.045587477983990661035       2.3828095597851433197e-16     
18        7         0.90703544622993104163        -2.0282504618305435354e-15    
18        8         0.91217636914970112727        4.0805882114102685667e-15     
18        9         0.041207946724257864257       -4.2189652367403984103e-18    
18        10        0.9158884500059367717         -2.8479598204713600378e-16    
18        11        0.03278080702122121437        3.706589493040437699e-18      
18        12        0.034119299874325735578       5.3876509966110374874e-17     
18        13        0.914239713193501502          -6.5594424958023990325e-16    
18        14        0.024124257704872857644       2.794947925217829895e-19      
18        15        0.92368229959483072466        -5.0985474830449822368e-16    
18        16        0.89985181712880124572        4.6970851035037303087e-16     
18        17        0.041734901474445196268       -1.7166480438389297497e-17    
18        18        0.95437609509360077364        -9.3339679012043098408e-16    
18        19        0.036459352127470229243       6.3359098805663465292e-17     
18        20        0.064064426276395206039       -5.4666812704330107892e-17    
18        21        0.87267459067613328827        7.8978929418175810794e-17     
18        22        0.060691264673719949596       3.4804885196842281507e-17     
18        23        0.87420609810085803115        2.8553686227406641492e-16     
19        0         0.052229458712091364481       5.9291361337787532375e-16     
19        1         0.0023326896827636227523      -1.0108837780057743043e-17    
19        2         0.052213367149976805393       -2.632068327385672851e-16     
19        3         0.0023178542192753221265      -1.1189985175828510144e-17    
19        4         0.0023954798984714199307      2.1565508506301434244e-18     
19        5         0.051393436365174849367       -5.6178586702911981251e-17    
19        6         0.0025666162072360268129      4.003157154160904479e-19      
19        7         0.050984244281146118283       1.1421394909304899848e-16     
19        8         0.051252330219445071946       1.8466913054390939811e-16     
19        9         0.0023743326304242061593      -5.1331470445976714106e-18    
19        10        0.051464608417261657747       6.812722655407299445e-16      
19        11        0.001886015964700767187       -2.8834069568994042858e-18    
19        12        0.0026729916042244157223      -1.802115532771178628e-18     
19        13        0.050857251739169759275       4.6706532249870705701e-18     
19        14        0.0029473893591770434879      -1.6858557547520813889e-18    
19        15        0.051549023199182003596       -7.4006740010859053765e-19    
19        16        0.031126570211020800766       7.7695199591601328403e-18     
19        17        0.0054716903902972966259      4.3317324782817608675e-17     
19        18        0.036459352127470229243       6.3359098805663465292e-17     
19        19        0.053646978361729595608       -1.1111284900063450464e-17    
19        20        0.0058169528264800825224      -3.5160763048720483709e-17    
19        21        0.045088154720592396596       -2.9771751047582217609e-17    
19        22        0.0055125489593609924843      2.9901424630120339698e-17     
19        23        0.029204403094083467018       2.092483451809895966e-17      
20        0         0.066791704611731103625       -1.9370576773414271138e-16    
20        1         0.002982807594160554604       3.2905668282805971158e-17     
20        2         0.06677112811750200716        -5.7468776748283742758e-17    
20        3         0.0029638408037929108406      1.1901795597456949347e-17     
20        4         0.0030602086029844553609      1.3674307992898927252e-17     
20        5         0.065723676318598989177       3.6325299087465819627e-17     
20        6         0.0032787678966299410067      -3.3444215804575051393e-17    
20        7         0.06520077306399357786        2.9488729431375652669e-16     
20        8         0.065563903419253014015       -3.5145620443471044845e-16    
20        9         0.0029899880263084903896      2.16297803748039469e-18       
20        10        0.065831806201025508396       -3.547632063872431455e-17     
20        11        0.0023756047225615101008      -2.6952621888665263436e-18    
20        12        0.0026673062039401134252      -3.5018195220574043244e-18    
20        13        0.065579308240199557511       -4.4499423576348000636e-17    
20        14        0.0028883885396509940101      -1.5049445158663453471e-18    
20        15        0.066301202832359032446       -1.0825589836308278247e-17    
20        16        0.062648904540328093082       -4.2319898896818554135e-17    
20        17        0.0065775635027720399592      -1.8715026261721353006e-18    
20        18        0.064064426276395206039       -5.4666812704330107892e-17    
20        19        0.0058169528264800825224      -3.5160763048720483709e-17    
20        20        0.068604373074673472011       -7.9229385712971384104e-17    
20        21        0.03118524397558563796        3.797453180135783893e-17      
20        22        0.0019769476600817030044      1.1733652031958550762e-18     
20        23        0.031407649845077108275       9.970119799543117816e-18      
21        0         0.88818739980680394552        -4.6284997319192088706e-15    
21        1         0.039663871224956390171       1.3989815856302290789e-16     
21        2         0.88791378172276957947        2.4948072206676915872e-15     
21        3         0.039411672277180634372       3.6975997761641409834e-16     
21        4         0.040681711549610803658       -3.3372409905540402742e-16    
21        5         0.87398891797010080928        -3.1488174528892829596e-15    
21        6         0.043586958682911500218       -4.5461465298074056829e-16    
21        7         0.86703683886856341978        -2.5320368596117595361e-15    
21        8         0.87193072337237464975        -3.0248499458930720399e-16    
21        9         0.039588357360995259093       -1.151344091871963321e-16     
21        10        0.87548124897525048116        1.5523236128590655114e-15     
21        11        0.031465029068806958656       -5.4088161719723077655e-17    
21        12        0.033164428649562184559       3.3959721458040088567e-17     
21        13        0.87343778956552631243        -6.9928719986990182934e-16    
21        14        0.035756310899516571822       -6.6072023381127762249e-18    
21        15        0.88262310414446598639        -1.3388859202966486725e-15    
21        16        0.86273885374329128961        -1.3185093964958474773e-16    
21        17        0.033255499578191891064       -3.6509376490890778871e-18    
21        18        0.87267459067613328827        7.8978929418175810794e-17     
21        19        0.045088154720592396596       -2.9771751047582217609e-17    
21        20        0.03118524397558563796        3.797453180135783893e-17      
21        21        0.91229173619620296254        -1.1457411915786228268e-15    
21        22        0.029752468423328039954       1.0032752788954455928e-17     
21        23        0.83659614290171502304        -2.6152076803725694141e-16    
22        0         0.063161327045139714631       3.7388931616488917778e-16     
22        1         0.0028206781372086629084      -1.1163159707694090738e-17    
22        2         0.063141868956587618444       5.1596244356001740567e-17     
22        3         0.0028027423187214619768      2.8695998907436110032e-17     
22        4         0.0028938452660189446439      1.20017454915706653e-17       
22        5         0.062151358855395452685       -8.6295319628081169093e-17    
22        6         0.0031005240841808666061      7.9386806432846398433e-18     
22        7         0.06165688035864135691        -2.7959805846314710257e-16    
22        8         0.062000398163906303428       -1.1234266800804898457e-16    
22        9         0.0028271293895072847728      5.7627489558449869821e-18     
22        10        0.06225370504268930294        -4.7675254730046832421e-16    
22        11        0.0022462369824736917907      2.5012880243853041381e-18     
22        12        0.002515786835850557495       -3.0282023503616652648e-18    
22        13        0.062016761309148148162       3.1314205902546058455e-17     
22        14        0.0027302641840514720213      -2.8000755198719106538e-18    
22        15        0.062698759295383266199       2.9837997357934167375e-17     
22        16        0.059143162583090172491       1.0124853099158805613e-18     
22        17        0.0062241017942469868685      -1.4987462137343803459e-17    
22        18        0.060691264673719949596       3.4804885196842281507e-17     
22        19        0.0055125489593609924843      2.9901424630120339698e-17     
22        20        0.0019769476600817030044      1.1733652031958550762e-18     
22        21        0.029752468423328039954       1.0032752788954455928e-17     
22        22        0.064875469539023636334       1.7096050663602624041e-17     
22        23        0.029311404610525716025       3.6902638469630260378e-18     
23        0         0.88986103094377189127        1.9165297806629047114e-15     
23        1         0.039738620870993855705       4.0196192033573010694e-16     
23        2         0.88958689725175921215        4.6375739958110486143e-15     
23        3         0.039485946787111647627       -2.1081472152641262685e-16    
23        4         0.040758505318664393913       -4.1332290854752844353e-16    
23        5         0.87563576779536322903        -9.1548443256956288734e-15    
23        6         0.043669234942953223666       2.4719539543664061915e-16     
23        7         0.86867058049847489798        -3.0262030792910692287e-16    
23        8         0.87357327362599046516        1.5445232864657993099e-15     
23        9         0.039665738090772034719       5.3112512747066236551e-17     
23        10        0.87713055428664754576        5.1458369629103293208e-15     
23        11        0.031525539531911193902       -1.3904892860613312631e-17    
23        12        0.033268836354437135439       2.8979167494068240844e-17     
23        13        0.8750756109134552041         1.1901694255194138032e-16     
23        14        0.035864273207709414237       1.823003301467973399e-17      
23        15        0.88427952655072050714        -5.0555948290222288917e-16    
23        16        0.86415918462145735468        -3.6643669616275893345e-16    
23        17        0.051443863838991660264       -1.4048741149523572384e-17    
23        18        0.87420609810085803115        2.8553686227406641492e-16     
23        19        0.029204403094083467018       2.092483451809895966e-17      
23        20        0.031407649845077108275       9.970119799543117816e-18      
23        21        0.83659614290171502304        -2.6152076803725694141e-16    
23        22        0.029311404610525716025       3.6902638469630260378e-18     
23        23        0.91401078945303815271        -8.2696377557036743006e-17    
