0         0         0.91306999382743547766        -7.3297459823944677353e-17    
0         1         0.11961719584664338989        -4.6835433851626605125e-17    
0         2         0.82649711983303708607        3.6234520513055109247e-16     
0         3         0.12021621956977771029        5.0119129724515644153e-17     
0         4         0.17864891377625957691        -6.6455219755916941915e-17    
0         5         0.75905407190453166866        9.7424183582726136752e-17     
0         6         0.19597199900282505358        5.1145941279167534361e-17     
0         7         0.71757412855737823243        4.5385356150652377973e-16     
0         8         0.73049741482405394777        3.5720436368488137572e-16     
0         9         0.16915197878049650915        1.0116516906434443786e-16     
0         10        0.75270787302329422719        5.9601764585743845694e-17     
0         11        0.12116231004747138322        3.7444348925574680164e-18     
0         12        0.14403876855383171418        -1.2273513048960897398e-16    
0         13        0.74163881456256908198        1.5542123115257445974e-15     
0         14        0.16605313084386957856        -5.3283409808825928321e-17    
0         15        0.79788829217180179398        2.0639719916410124427e-15     
0         16        0.64397229942460887386        3.9308732439554015532e-15     
0         17        0.2875658547028652201         6.7291853586130295312e-16     
0         18        0.72125747138946094683        1.1262929175704567895e-15     
0         19        0.25204838479379543248        -1.0197937458173174523e-16    
0         20        0.16671730867837142309        3.6518131558372020011e-16     
0         21        0.6385383724015590845         -1.9882230456177078047e-16    
0         22        0.15051207043648065498        4.4819309026977615855e-16     
0         23        0.6424399389767326829         2.6654773086302090727e-16     
1         0         0.11961719584664338989        -4.6835433851626605125e-17    
1         1         0.17445319836448638928        4.7403393223089352804e-17     
1         2         0.11911818715146405001        -2.733035949308500971e-17     
1         3         0.044369194818395733815       1.3600006195435935327e-17     
1         4         0.048254642003544637174       -3.984525660050175966e-17     
1         5         0.074943211724323541278       -1.9732846794804013177e-18    
1         6         0.053747640300937954416       -3.3045911730266566626e-17    
1         7         0.11212953987442816906        1.1701002955128161576e-17     
1         8         0.12940187603842268071        -6.4913725930425074687e-17    
1         9         0.036875199829705891663       3.1742265691048350941e-17     
1         10        0.13449769793146848507        9.8832302566410304809e-17     
1         11        0.026540916388200646442       -2.4272734137021075378e-18    
1         12        0.02875556522054043343        2.7803867531313725873e-17     
1         13        0.13902407683623868584        -2.345041439394607805e-16     
1         14        0.033096482880559732753       -1.3792048275501404686e-16    
1         15        0.15049762976473735065        -3.3827785295622319792e-16    
1         16        0.12207553518559628725        1.8124386330821068444e-16     
1         17        0.055638920695265277339       -1.5338932256326315624e-17    
1         18        0.13682505633522212829        2.3529303598270559429e-16     
1         19        0.048799577045913089535       -1.2163731584198689643e-16    
1         20        0.032049777270559742792       -1.9125581027064736994e-17    
1         21        0.12153081318185736392        5.677018050774821207e-16      
1         22        0.028916048191058082301       -2.7680830360555340795e-17    
1         23        0.12228039749425501093        -2.7635382633029721014e-16    
2         0         0.82649711983303708607        3.6234520513055109247e-16     
2         1         0.11911818715146405001        -2.733035949308500971e-17     
2         2         0.91254669628055018471        -6.6011241739268134142e-17    
2         3         0.11930526146968228884        8.2262725059978654603e-17     
2         4         0.17805886831225756217        1.4121427422057840758e-16     
2         5         0.75908740425936582774        -1.274000012537646998e-16     
2         6         0.19600642263557474521        -3.2442482802909706797e-17    
2         7         0.71766621656013029895        -5.1443828105857407318e-17    
2         8         0.73013211639128072772        -8.330928691911743765e-17     
2         9         0.16898200249351683078        -1.2271531462005037681e-16    
2         10        0.75248088240321941988        -9.4647085225198293903e-17    
2         11        0.12103585459868809737        3.6995763744702585225e-17     
2         12        0.14393813853081591225        -1.7328599860122056918e-16    
2         13        0.74125019761468879942        2.5679845002792973351e-15     
2         14        0.16593675008696842643        3.405428549215998344e-16      
2         15        0.79745882360456377125        -2.0638567498138869727e-15    
2         16        0.64361619648047496689        -1.1326898051002883868e-15    
2         17        0.28739149337511987747        -4.1033719517888465286e-17    
2         18        0.72085751771706041424        -1.5454421616998419441e-15    
2         19        0.25189491340297581745        -1.3041936894875890129e-16    
2         20        0.16661914457058454864        -4.7571913091684128692e-16    
2         21        0.63817864072906882456        6.5599985841381039455e-16     
2         22        0.15042355928481540572        -7.8797787117627801546e-17    
2         23        0.64207794758064673513        1.2445959177872793722e-16     
3         0         0.12021621956977771029        5.0119129724515644153e-17     
3         1         0.044369194818395733815       1.3600006195435935327e-17     
3         2         0.11930526146968228884        8.2262725059978654603e-17     
3         3         0.17272369481156471527        1.4520830721053277216e-16     
3         4         0.046778509905914852918       -4.353983564819985047e-17     
3         5         0.12152184385629874463        1.0056926181186847314e-17     
3         6         0.052120611067316129084       -5.2411669426255441409e-17    
3         7         0.061862179145358894838       -2.5994668831678265518e-17    
3         8         0.12863135433202568803        -5.6901481751814170147e-17    
3         9         0.036093541776682627753       3.8446145251797293773e-17     
3         10        0.1334946297863304765         1.5560572916675443538e-16     
3         11        0.026068913067355755503       -1.9697670544747631911e-17    
3         12        0.028373478410967493263       -3.8396003870620798836e-17    
3         13        0.13778058654750072187        1.3604555803948190453e-16     
3         14        0.032664614479099560174       2.4660308906092094912e-17     
3         15        0.14912107868363605467        -7.332763750044361765e-17     
3         16        0.12092900183675098225        4.9144342687162202725e-16     
3         17        0.055037290110934992959       -3.1412220364440755301e-17    
3         18        0.13553121137350318537        5.8966961128536941294e-16     
3         19        0.048268158571579324045       -1.715775312757593853e-16     
3         20        0.031717436835924185667       1.5195431813368601977e-16     
3         21        0.12035783617078128771        -9.0974718188300802892e-17    
3         22        0.028617597428124887798       1.0858264116701121551e-16     
3         23        0.12110009368326499213        4.026845492514868027e-16      
4         0         0.17864891377625957691        -6.6455219755916941915e-17    
4         1         0.048254642003544637174       -3.984525660050175966e-17     
4         2         0.17805886831225756217        1.4121427422057840758e-16     
4         3         0.046778509905914852918       -4.353983564819985047e-17     
4         4         0.20088992293949409218        -2.6803604383165719188e-18    
4         5         0.11647434905205868161        1.6703419930391732916e-17     
4         6         0.066666281055543480383       9.3003710819272632177e-17     
4         7         0.096613525526874508009       -6.8382551710692276839e-17    
4         8         0.081125625782061061564       -1.918584737219657612e-17     
4         9         0.052485949283523625208       5.9824822504386866097e-17     
4         10        0.1411128472617113605         -2.9455867773623079717e-17    
4         11        0.037587738186792771233       -6.4085123104626693435e-18    
4         12        0.035376964030908661374       -1.7076290619218291233e-18    
4         13        0.15392933131711647454        -4.3339149711783303538e-16    
4         14        0.040588218683296331535       -2.2950777861907828904e-17    
4         15        0.16901375242602012516        4.193084133894263662e-16      
4         16        0.13882057259743202371        1.8377565450692578843e-16     
4         17        0.065257610819892217235       1.257953712151450074e-16      
4         18        0.15575998515082734031        7.0172951969909862521e-16     
4         19        0.057277997464622483481       -8.4010422705152874149e-17    
4         20        0.037225751094575966482       -3.5799004903005654594e-17    
4         21        0.13914943625602332888        7.289125239966282751e-16      
4         22        0.033557745422160063786       1.2657912598291577e-16        
4         23        0.14002453692500738125        2.4494160658624185263e-16     
5         0         0.75905407190453166866        9.7424183582726136752e-17     
5         1         0.074943211724323541278       -1.9732846794804013177e-18    
5         2         0.75908740425936582774        -1.274000012537646998e-16     
5         3         0.12152184385629874463        1.0056926181186847314e-17     
5         4         0.11647434905205868161        1.6703419930391732916e-17     
5         5         0.82489638706511725363        -5.4263125521540051603e-17    
5         6         0.12837443663238992664        -2.063234912813660271e-17     
5         7         0.66118626197012775325        1.6685317687923091687e-16     
5         8         0.67277852358005163502        4.4685962936322003416e-17     
5         9         0.14575260910991505447        9.2567425919398416476e-17     
5         10        0.69131382997417645253        4.0730531798247729978e-17     
5         11        0.1039082827584183466         5.0733732382768324034e-17     
5         12        0.12844256657513539177        5.0542800666758349544e-16     
5         13        0.67335612227809882313        -2.629095461372105702e-15     
5         14        0.14816234033994962749        2.0278219188783317774e-16     
5         15        0.7232923072604938719         -3.8311402766888534961e-15    
5         16        0.58300228121662278635        -4.8268345938381301042e-16    
5         17        0.25890163190128578918        9.7570570696886036299e-16     
5         18        0.65283869491394042051        1.9173318373983398914e-15     
5         19        0.22688000472096581106        -7.9063412741460456162e-16    
5         20        0.1503669619542593594         3.4824149012650024828e-16     
5         21        0.57746397306339103395        5.4372735724143895067e-16     
5         22        0.13577409795092204581        -4.2855020245588521694e-16    
5         23        0.58098445071953630503        1.128376577675251989e-15      
6         0         0.19597199900282505358        5.1145941279167534361e-17     
6         1         0.053747640300937954416       -3.3045911730266566626e-17    
6         2         0.19600642263557474521        -3.2442482802909706797e-17    
6         3         0.052120611067316129084       -5.2411669426255441409e-17    
6         4         0.066666281055543480383       9.3003710819272632177e-17     
6         5         0.12837443663238992664        -2.063234912813660271e-17     
6         6         0.22086990155184704765        -1.5741034076192156746e-17    
6         7         0.10416518772968338946        -1.0013798895169896714e-16    
6         8         0.14775844819535555175        9.352939529935393985e-17      
6         9         0.057374719442560978555       8.8021718514582431263e-17     
6         10        0.10391204714388618813        -5.7872919762428494717e-17    
6         11        0.041338693337945299489       8.0505154633324321971e-18     
6         12        0.038815843458842494429       8.7667910651511282148e-17     
6         13        0.1694058248757261409         9.1926791298545916115e-17     
6         14        0.044674611719132686916       1.7277269259298466531e-16     
6         15        0.18583770098817836702        1.01773464363854877e-15       
6         16        0.15265349753163809376        3.7631810477422294572e-16     
6         17        0.071740385711593440687       -1.1851852936326312489e-16    
6         18        0.17126159300710455669        2.0291353594235551984e-16     
6         19        0.062968698186795166172       8.249592479693495448e-17      
6         20        0.040926414929783321017       2.738665076700376258e-16      
6         21        0.15299632565553758501        1.0407495125722433042e-16     
6         22        0.036893797821557147709       2.6392701102761752429e-17     
6         23        0.15395773664039305584        -1.2457820451548288696e-16    
7         0         0.71757412855737823243        4.5385356150652377973e-16     
7         1         0.11212953987442816906        1.1701002955128161576e-17     
7         2         0.71766621656013029895        -5.1443828105857407318e-17    
7         3         0.061862179145358894838       -2.5994668831678265518e-17    
7         4         0.096613525526874508009       -6.8382551710692276839e-17    
7         5         0.66118626197012775325        1.6685317687923091687e-16     
7         6         0.10416518772968338946        -1.0013798895169896714e-16    
7         7         0.77844609426772615191        8.8742964959163626176e-17     
7         8         0.63777595905930006825        2.9586479233057887207e-16     
7         9         0.13510317494498574886        1.0410781996978630946e-16     
7         10        0.65496729347411375421        1.3190989951889436851e-17     
7         11        0.096260926153893783264       1.1552469037378585949e-16     
7         12        0.12066660145732124865        -3.7260649555391376577e-16    
7         13        0.63616817911348855219        1.7140161124789769582e-15     
7         14        0.13922465983914308896        -1.4144554847833140837e-17    
7         15        0.68325859094960617046        1.016710679808498083e-15      
7         16        0.55052073159268977154        1.4324394354088825462e-15     
7         17        0.24404976742291889513        -2.0056470055150941311e-16    
7         18        0.61642288458452210165        2.055918452293773487e-16      
7         19        0.21384530737154569535        -1.3272819874187972036e-15    
7         20        0.14182118945918967268        -1.2785283264879968169e-16    
7         21        0.54511895555005596137        4.2525124507959954648e-16     
7         22        0.12806453360911823625        -3.0041822147596465391e-16    
7         23        0.54844124299906205078        -1.3336973822876647119e-15    
8         0         0.73049741482405394777        3.5720436368488137572e-16     
8         1         0.12940187603842268071        -6.4913725930425074687e-17    
8         2         0.73013211639128072772        -8.330928691911743765e-17     
8         3         0.12863135433202568803        -5.6901481751814170147e-17    
8         4         0.081125625782061061564       -1.918584737219657612e-17     
8         5         0.67277852358005163502        4.4685962936322003416e-17     
8         6         0.14775844819535555175        9.352939529935393985e-17      
8         7         0.63777595905930006825        2.9586479233057887207e-16     
8         8         0.79764035374458563954        -1.8386551337001269035e-16    
8         9         0.091998173145431905162       -4.0082832162720576469e-17    
8         10        0.67558190091454894954        -1.6184018079804711657e-16    
8         11        0.060769439540515626796       -3.1578275011708201924e-17    
8         12        0.11874663555502579237        6.7869367973994023682e-17     
8         13        0.66025261301889637267        -3.3863869635721468164e-16    
8         14        0.13726471666388653792        -5.1273446518008327364e-16    
8         15        0.70633992442818782642        1.291549060869671052e-15      
8         16        0.56682060898009789529        -1.5760403303590286994e-16    
8         17        0.24803107984766958882        1.169351819362466309e-15      
8         18        0.63437352140637381925        -1.1359626611542243357e-15    
8         19        0.21722583547678941951        -6.0294093677014946063e-16    
8         20        0.1447728708793807606         3.8242859420015636669e-16     
8         21        0.5597948561103522902         -1.5238124049764318589e-16    
8         22        0.13077973088707495197        -7.1930801016665713198e-16    
8         23        0.56319066613360946327        -1.7923895857838981302e-16    
9         0         0.16915197878049650915        1.0116516906434443786e-16     
9         1         0.036875199829705891663       3.1742265691048350941e-17     
9         2         0.16898200249351683078        -1.2271531462005037681e-16    
9         3         0.036093541776682627753       3.8446145251797293773e-17     
9         4         0.052485949283523625208       5.9824822504386866097e-17     
9         5         0.14575260910991505447        9.2567425919398416476e-17     
9         6         0.057374719442560978555       8.8021718514582431263e-17     
9         7         0.13510317494498574886        1.0410781996978630946e-16     
9         8         0.091998173145431905162       -4.0082832162720576469e-17    
9         9         0.18667029370591545212        1.2339338851774850325e-16     
9         10        0.10415593868751212014        2.6008331170932894669e-17     
9         11        0.037563967497031718057       3.3556041520617767015e-17     
9         12        0.040226214542456888157       1.8864269876496597506e-17     
9         13        0.081306569989292212797       -3.2099922661633327916e-16    
9         14        0.046602511371370350379       1.4732242729080698328e-16     
9         15        0.14640471057481485584        -6.2626397032245953568e-16    
9         16        0.12262730899948376395        2.7457440295994997426e-16     
9         17        0.064365697808054872509       -6.9488057180585795229e-17    
9         18        0.13797768105577701281        3.2470649530655415295e-16     
9         19        0.056455512092588436279       -6.6526824161487620475e-17    
9         20        0.035500747615411012981       -6.0370163186698256533e-17    
9         21        0.12677953429038835154        -9.6187561456324251369e-17    
9         22        0.031926082973275392296       -5.6295177548122268724e-17    
9         23        0.12766340446078877635        2.8882130423246820661e-16     
10        0         0.75270787302329422719        5.9601764585743845694e-17     
10        1         0.13449769793146848507        9.8832302566410304809e-17     
10        2         0.75248088240321941988        -9.4647085225198293903e-17    
10        3         0.1334946297863304765         1.5560572916675443538e-16     
10        4         0.1411128472617113605         -2.9455867773623079717e-17    
10        5         0.69131382997417645253        4.0730531798247729978e-17     
10        6         0.10391204714388618813        -5.7872919762428494717e-17    
10        7         0.65496729347411375421        1.3190989951889436851e-17     
10        8         0.67558190091454894954        -1.6184018079804711657e-16    
10        9         0.10415593868751212014        2.6008331170932894669e-17     
10        10        0.82240197748074250761        6.8324809062211391073e-17     
10        11        0.06899261262957269436        -4.5021735094999928486e-17    
10        12        0.12349051448361954286        1.098737229183716971e-16      
10        13        0.67970426368738190437        7.8268872841153492528e-16     
10        14        0.1426377027145639409         -7.5675278455391997598e-16    
10        15        0.72760497063161611031        -2.3896487226538465842e-17    
10        16        0.58398479419514537359        -2.0175308364060719055e-16    
10        17        0.25610640532737777297        -1.3297066788390009365e-16    
10        18        0.65363604713825418369        -2.4201594820000167632e-15    
10        19        0.22432337222002499133        -1.4412433862224604296e-16    
10        20        0.14937669935860850567        -2.925067430188597403e-16     
10        21        0.57695896796773327164        1.8344027050864272505e-16     
10        22        0.13492169024836039859        -2.8955567354209038905e-16    
10        23        0.58045877108562382585        1.7419368002321178301e-15     
11        0         0.12116231004747138322        3.7444348925574680164e-18     
11        1         0.026540916388200646442       -2.4272734137021075378e-18    
11        2         0.12103585459868809737        3.6995763744702585225e-17     
11        3         0.026068913067355755503       -1.9697670544747631911e-17    
11        4         0.037587738186792771233       -6.4085123104626693435e-18    
11        5         0.1039082827584183466         5.0733732382768324034e-17     
11        6         0.041338693337945299489       8.0505154633324321971e-18     
11        7         0.096260926153893783264       1.1552469037378585949e-16     
11        8         0.060769439540515626796       -3.1578275011708201924e-17    
11        9         0.037563967497031718057       3.3556041520617767015e-17     
11        10        0.06899261262957269436        -4.5021735094999928486e-17    
11        11        0.13382154075175375918        1.7890411190908505988e-18     
11        12        0.029910796137733716704       0                             
11        13        0.091369563287457225553       7.3656397739090926891e-17     
11        14        0.034373761900345162212       2.0543353006564131089e-17     
11        15        0.071026521963467953436       1.4201704109977305514e-16     
11        16        0.087554425948460454232       1.1042366273867485531e-16     
11        17        0.046462678786756556049       3.9447741300995609999e-17     
11        18        0.098630924390993593431       1.7595107671440451814e-17     
11        19        0.04091888031708074136        -4.5889845435323888177e-17    
11        20        0.025559909448723557024       -2.5606163749450976435e-17    
11        21        0.090698849682475601863       -5.8440365706058664991e-17    
11        22        0.022981893354952088321       -6.9599816322977936962e-18    
11        23        0.091319088844983645203       -2.1571505535453340378e-17    
12        0         0.14403876855383171418        -1.2273513048960897398e-16    
12        1         0.02875556522054043343        2.7803867531313725873e-17     
12        2         0.14393813853081591225        -1.7328599860122056918e-16    
12        3         0.028373478410967493263       -3.8396003870620798836e-17    
12        4         0.035376964030908661374       -1.7076290619218291233e-18    
12        5         0.12844256657513539177        5.0542800666758349544e-16     
12        6         0.038815843458842494429       8.7667910651511282148e-17     
12        7         0.12066660145732124865        -3.7260649555391376577e-16    
12        8         0.11874663555502579237        6.7869367973994023682e-17     
12        9         0.040226214542456888157       1.8864269876496597506e-17     
12        10        0.12349051448361954286        1.098737229183716971e-16      
12        11        0.029910796137733716704       0                             
12        12        0.15812759156399897043        -8.6736174445075208278e-19    
12        13        0.078005386843190055446       5.2311288727164617271e-16     
12        14        0.046803544038683309036       -6.961933367967468413e-17     
12        15        0.099015953811950732644       9.7823006167797075827e-17     
12        16        0.048375553669915041799       1.1121297757842474787e-17     
12        17        0.066693649372610755433       1.3485611524155154684e-16     
12        18        0.10000396881883304168        1.7920336364276926826e-16     
12        19        0.058519500450920601542       -1.8233232552547530839e-16    
12        20        0.032792387724782622038       4.0430158169772608634e-17     
12        21        0.099041990770623020146       3.6181830178023319323e-17     
12        22        0.029193367571985387454       1.6480042861589027612e-16     
12        23        0.10017611717336609434        4.9907098227203030426e-18     
13        0         0.74163881456256908198        1.5542123115257445974e-15     
13        1         0.13902407683623868584        -2.345041439394607805e-16     
13        2         0.74125019761468879942        2.5679845002792973351e-15     
13        3         0.13778058654750072187        1.3604555803948190453e-16     
13        4         0.15392933131711647454        -4.3339149711783303538e-16    
13        5         0.67335612227809882313        -2.629095461372105702e-15     
13        6         0.1694058248757261409         9.1926791298545916115e-17     
13        7         0.63616817911348855219        1.7140161124789769582e-15     
13        8         0.66025261301889637267        -3.3863869635721468164e-16    
13        9         0.081306569989292212797       -3.2099922661633327916e-16    
13        10        0.67970426368738190437        7.8268872841153492528e-16     
13        11        0.091369563287457225553       7.3656397739090926891e-17     
13        12        0.078005386843190055446       5.2311288727164617271e-16     
13        13        0.81157998177519763416        6.7311812442629084937e-18     
13        14        0.092671256589248032776       -6.2315209475649155246e-17    
13        15        0.72116885476005576638        3.2380503013115940368e-16     
13        16        0.58871913146413468176        2.1707298829762865004e-16     
13        17        0.24331139654101957559        -2.1464044351690894955e-16    
13        18        0.65739955931487203955        -1.2669401591296742223e-16    
13        19        0.21245816996696087475        -1.5999504121352143682e-16    
13        20        0.14511212945081897185        5.4863868148716979137e-17     
13        21        0.574354527131949677          -2.3673749612255743456e-16    
13        22        0.13122455705896834965        -5.0145641858010839735e-17    
13        23        0.57776868727749630672        1.8783399297766337207e-16     
14        0         0.16605313084386957856        -5.3283409808825928321e-17    
14        1         0.033096482880559732753       -1.3792048275501404686e-16    
14        2         0.16593675008696842643        3.405428549215998344e-16      
14        3         0.032664614479099560174       2.4660308906092094912e-17     
14        4         0.040588218683296331535       -2.2950777861907828904e-17    
14        5         0.14816234033994962749        2.0278219188783317774e-16     
14        6         0.044674611719132686916       1.7277269259298466531e-16     
14        7         0.13922465983914308896        -1.4144554847833140837e-17    
14        8         0.13726471666388653792        -5.1273446518008327364e-16    
14        9         0.046602511371370350379       1.4732242729080698328e-16     
14        10        0.1426377027145639409         -7.5675278455391997598e-16    
14        11        0.034373761900345162212       2.0543353006564131089e-17     
14        12        0.046803544038683309036       -6.961933367967468413e-17     
14        13        0.092671256589248032776       -6.2315209475649155246e-17    
14        14        0.18227231579728284117        -9.5347505346522847795e-17    
14        15        0.11730552657999950006        -2.5221499295516031018e-17    
14        16        0.099305562912697292743       8.3263941318036456482e-17     
14        17        0.078401880945030616443       -8.8014903746199820564e-18    
14        18        0.070179441801592842842       -1.2546307377887965931e-17    
14        19        0.069159803793638729985       -1.60215915270149406e-17      
14        20        0.038095716595435404062       -4.3744319388399462233e-18    
14        21        0.11327507243225279354        -8.5946911277833525069e-17    
14        22        0.034133835512908557164       -1.5528470147278726554e-17    
14        23        0.11438433104644328553        1.8671813908765206053e-17     
15        0         0.79788829217180179398        2.0639719916410124427e-15     
15        1         0.15049762976473735065        -3.3827785295622319792e-16    
15        2         0.79745882360456377125        -2.0638567498138869727e-15    
15        3         0.14912107868363605467        -7.332763750044361765e-17     
15        4         0.16901375242602012516        4.193084133894263662e-16      
15        5         0.7232923072604938719         -3.8311402766888534961e-15    
15        6         0.18583770098817836702        1.01773464363854877e-15       
15        7         0.68325859094960617046        1.016710679808498083e-15      
15        8         0.70633992442818782642        1.291549060869671052e-15      
15        9         0.14640471057481485584        -6.2626397032245953568e-16    
15        10        0.72760497063161611031        -2.3896487226538465842e-17    
15        11        0.071026521963467953436       1.4201704109977305514e-16     
15        12        0.099015953811950732644       9.7823006167797075827e-17     
15        13        0.72116885476005576638        3.2380503013115940368e-16     
15        14        0.11730552657999950006        -2.5221499295516031018e-17    
15        15        0.87333593639851037072        4.3987306715678242344e-16     
15        16        0.62728550204780286759        1.4586049192546908014e-16     
15        17        0.26620892851411842583        2.0140094377796009653e-16     
15        18        0.7008952616985550943         3.9579304390816691955e-16     
15        19        0.23298191043612964668        4.0060050018910272878e-17     
15        20        0.1573027460199303007         4.0548324666255970004e-17     
15        21        0.61545022174573471574        6.2068338442747437871e-16     
15        22        0.14216777774770589238        -1.7947612165687810361e-17    
15        23        0.61916831357452417617        3.1065364378277397952e-16     
16        0         0.64397229942460887386        3.9308732439554015532e-15     
16        1         0.12207553518559628725        1.8124386330821068444e-16     
16        2         0.64361619648047496689        -1.1326898051002883868e-15    
16        3         0.12092900183675098225        4.9144342687162202725e-16     
16        4         0.13882057259743202371        1.8377565450692578843e-16     
16        5         0.58300228121662278635        -4.8268345938381301042e-16    
16        6         0.15265349753163809376        3.7631810477422294572e-16     
16        7         0.55052073159268977154        1.4324394354088825462e-15     
16        8         0.56682060898009789529        -1.5760403303590286994e-16    
16        9         0.12262730899948376395        2.7457440295994997426e-16     
16        10        0.58398479419514537359        -2.0175308364060719055e-16    
16        11        0.087554425948460454232       1.1042366273867485531e-16     
16        12        0.048375553669915041799       1.1121297757842474787e-17     
16        13        0.58871913146413468176        2.1707298829762865004e-16     
16        14        0.099305562912697292743       8.3263941318036456482e-17     
16        15        0.62728550204780286759        1.4586049192546908014e-16     
16        16        0.70501234804403389855        7.1461746841489546322e-17     
16        17        0.1261439826011632459         4.9171382938871045934e-17     
16        18        0.58044470177490969931        6.3621188197532315821e-17     
16        19        0.10731873573761012419        -7.3307102413542946211e-17    
16        20        0.11360900281001126699        7.7125309570149485005e-17     
16        21        0.52193811860224825772        -4.056929015924553772e-16     
16        22        0.10076950939657920714        -4.4110556587647007687e-17    
16        23        0.52464877347833061005        -3.0005811360759338284e-16    
17        0         0.2875658547028652201         6.7291853586130295312e-16     
17        1         0.055638920695265277339       -1.5338932256326315624e-17    
17        2         0.28739149337511987747        -4.1033719517888465286e-17    
17        3         0.055037290110934992959       -3.1412220364440755301e-17    
17        4         0.065257610819892217235       1.257953712151450074e-16      
17        5         0.25890163190128578918        9.7570570696886036299e-16     
17        6         0.071740385711593440687       -1.1851852936326312489e-16    
17        7         0.24404976742291889513        -2.0056470055150941311e-16    
17        8         0.24803107984766958882        1.169351819362466309e-15      
17        9         0.064365697808054872509       -6.9488057180585795229e-17    
17        10        0.25610640532737777297        -1.3297066788390009365e-16    
17        11        0.046462678786756556049       3.9447741300995609999e-17     
17        12        0.066693649372610755433       1.3485611524155154684e-16     
17        13        0.24331139654101957559        -2.1464044351690894955e-16    
17        14        0.078401880945030616443       -8.8014903746199820564e-18    
17        15        0.26620892851411842583        2.0140094377796009653e-16     
17        16        0.1261439826011632459         4.9171382938871045934e-17     
17        17        0.31514743621556023934        -2.4957520442191215818e-16    
17        18        0.18260584550246444779        3.3210468954631904763e-18     
17        19        0.12633773409577361835        -6.078472730349446296e-17     
17        20        0.073977032425511957126       -1.4317040539502300383e-17    
17        21        0.11799631919375855316        -8.9777499309534068429e-18    
17        22        0.06720847436724108892        1.5588682863188178235e-17     
17        23        0.17718773830275080794        -1.1869249308043628337e-17    
18        0         0.72125747138946094683        1.1262929175704567895e-15     
18        1         0.13682505633522212829        2.3529303598270559429e-16     
18        2         0.72085751771706041424        -1.5454421616998419441e-15    
18        3         0.13553121137350318537        5.8966961128536941294e-16     
18        4         0.15575998515082734031        7.0172951969909862521e-16     
18        5         0.65283869491394042051        1.9173318373983398914e-15     
18        6         0.17126159300710455669        2.0291353594235551984e-16     
18        7         0.61642288458452210165        2.055918452293773487e-16      
18        8         0.63437352140637381925        -1.1359626611542243357e-15    
18        9         0.13797768105577701281        3.2470649530655415295e-16     
18        10        0.65363604713825418369        -2.4201594820000167632e-15    
18        11        0.098630924390993593431       1.7595107671440451814e-17     
18        12        0.10000396881883304168        1.7920336364276926826e-16     
18        13        0.65739955931487203955        -1.2669401591296742223e-16    
18        14        0.070179441801592842842       -1.2546307377887965931e-17    
18        15        0.7008952616985550943         3.9579304390816691955e-16     
18        16        0.58044470177490969931        6.3621188197532315821e-17     
18        17        0.18260584550246444779        3.3210468954631904763e-18     
18        18        0.78965421137794988837        -9.5504596496507418903e-17    
18        19        0.15384232474631298615        -6.1186674753149974817e-17    
18        20        0.1329446221272569395         -3.1690885320673700001e-17    
18        21        0.57366890599994546651        1.7645909804419513008e-16     
18        22        0.12158300054957936476        -9.5826895154618774864e-18    
18        23        0.57725610436011731696        4.2461138237161798682e-17     
19        0         0.25204838479379543248        -1.0197937458173174523e-16    
19        1         0.048799577045913089535       -1.2163731584198689643e-16    
19        2         0.25189491340297581745        -1.3041936894875890129e-16    
19        3         0.048268158571579324045       -1.715775312757593853e-16     
19        4         0.057277997464622483481       -8.4010422705152874149e-17    
19        5         0.22688000472096581106        -7.9063412741460456162e-16    
19        6         0.062968698186795166172       8.249592479693495448e-17      
19        7         0.21384530737154569535        -1.3272819874187972036e-15    
19        8         0.21722583547678941951        -6.0294093677014946063e-16    
19        9         0.056455512092588436279       -6.6526824161487620475e-17    
19        10        0.22432337222002499133        -1.4412433862224604296e-16    
19        11        0.04091888031708074136        -4.5889845435323888177e-17    
19        12        0.058519500450920601542       -1.8233232552547530839e-16    
19        13        0.21245816996696087475        -1.5999504121352143682e-16    
19        14        0.069159803793638729985       -1.60215915270149406e-17      
19        15        0.23298191043612964668        4.0060050018910272878e-17     
19        16        0.10731873573761012419        -7.3307102413542946211e-17    
19        17        0.12633773409577361835        -6.078472730349446296e-17     
19        18        0.15384232474631298615        -6.1186674753149974817e-17    
19        19        0.27623457822931524186        -1.907706690614815505e-16     
19        20        0.066539534476864059531       -5.2474292109595421517e-18    
19        21        0.15012521464828232354        -6.5763236737743753258e-17    
19        22        0.060543078455717207198       -7.6374177597422435301e-18    
19        23        0.099847712049593112527       -6.1707385746574473924e-18    
20        0         0.16671730867837142309        3.6518131558372020011e-16     
20        1         0.032049777270559742792       -1.9125581027064736994e-17    
20        2         0.16661914457058454864        -4.7571913091684128692e-16    
20        3         0.031717436835924185667       1.5195431813368601977e-16     
20        4         0.037225751094575966482       -3.5799004903005654594e-17    
20        5         0.1503669619542593594         3.4824149012650024828e-16     
20        6         0.040926414929783321017       2.738665076700376258e-16      
20        7         0.14182118945918967268        -1.2785283264879968169e-16    
20        8         0.1447728708793807606         3.8242859420015636669e-16     
20        9         0.035500747615411012981       -6.0370163186698256533e-17    
20        10        0.14937669935860850567        -2.925067430188597403e-16     
20        11        0.025559909448723557024       -2.5606163749450976435e-17    
20        12        0.032792387724782622038       4.0430158169772608634e-17     
20        13        0.14511212945081897185        5.4863868148716979137e-17     
20        14        0.038095716595435404062       -4.3744319388399462233e-18    
20        15        0.1573027460199303007         4.0548324666255970004e-17     
20        16        0.11360900281001126699        7.7125309570149485005e-17     
20        17        0.073977032425511957126       -1.4317040539502300383e-17    
20        18        0.1329446221272569395         -3.1690885320673700001e-17    
20        19        0.066539534476864059531       -5.2474292109595421517e-18    
20        20        0.18264810538642345383        5.7078163882032715043e-17     
20        21        0.056093069246692744967       -3.5870914793616785866e-17    
20        22        0.014867470300010407827       1.6189525853855216974e-17     
20        23        0.055141235977971936322       1.8145028638007011533e-17     
21        0         0.6385383724015590845         -1.9882230456177078047e-16    
21        1         0.12153081318185736392        5.677018050774821207e-16      
21        2         0.63817864072906882456        6.5599985841381039455e-16     
21        3         0.12035783617078128771        -9.0974718188300802892e-17    
21        4         0.13914943625602332888        7.289125239966282751e-16      
21        5         0.57746397306339103395        5.4372735724143895067e-16     
21        6         0.15299632565553758501        1.0407495125722433042e-16     
21        7         0.54511895555005596137        4.2525124507959954648e-16     
21        8         0.5597948561103522902         -1.5238124049764318589e-16    
21        9         0.12677953429038835154        -9.6187561456324251369e-17    
21        10        0.57695896796773327164        1.8344027050864272505e-16     
21        11        0.090698849682475601863       -5.8440365706058664991e-17    
21        12        0.099041990770623020146       3.6181830178023319323e-17     
21        13        0.574354527131949677          -2.3673749612255743456e-16    
21        14        0.11327507243225279354        -8.5946911277833525069e-17    
21        15        0.61545022174573471574        6.2068338442747437871e-16     
21        16        0.52193811860224825772        -4.056929015924553772e-16     
21        17        0.11799631919375855316        -8.9777499309534068429e-18    
21        18        0.57366890599994546651        1.7645909804419513008e-16     
21        19        0.15012521464828232354        -6.5763236737743753258e-17    
21        20        0.056093069246692744967       -3.5870914793616785866e-17    
21        21        0.69919747752414762587        -1.7115362361852845999e-16    
21        22        0.050857481799452194937       2.5229349292969154605e-17     
21        23        0.53080477013548921228        9.747695507214440074e-17      
22        0         0.15051207043648065498        4.4819309026977615855e-16     
22        1         0.028916048191058082301       -2.7680830360555340795e-17    
22        2         0.15042355928481540572        -7.8797787117627801546e-17    
22        3         0.028617597428124887798       1.0858264116701121551e-16     
22        4         0.033557745422160063786       1.2657912598291577e-16        
22        5         0.13577409795092204581        -4.2855020245588521694e-16    
22        6         0.036893797821557147709       2.6392701102761752429e-17     
22        7         0.12806453360911823625        -3.0041822147596465391e-16    
22        8         0.13077973088707495197        -7.1930801016665713198e-16    
22        9         0.031926082973275392296       -5.6295177548122268724e-17    
22        10        0.13492169024836039859        -2.8955567354209038905e-16    
22        11        0.022981893354952088321       -6.9599816322977936962e-18    
22        12        0.029193367571985387454       1.6480042861589027612e-16     
22        13        0.13122455705896834965        -5.0145641858010839735e-17    
22        14        0.034133835512908557164       -1.5528470147278726554e-17    
22        15        0.14216777774770589238        -1.7947612165687810361e-17    
22        16        0.10076950939657920714        -4.4110556587647007687e-17    
22        17        0.06720847436724108892        1.5588682863188178235e-17     
22        18        0.12158300054957936476        -9.5826895154618774864e-18    
22        19        0.060543078455717207198       -7.6374177597422435301e-18    
22        20        0.014867470300010407827       1.6189525853855216974e-17     
22        21        0.050857481799452194937       2.5229349292969154605e-17     
22        22        0.164888860616570182          -1.9342461045513248932e-17    
22        23        0.047860066414228540077       6.5090509484320381509e-18     
23        0         0.6424399389767326829         2.6654773086302090727e-16     
23        1         0.12228039749425501093        -2.7635382633029721014e-16    
23        2         0.64207794758064673513        1.2445959177872793722e-16     
23        3         0.12110009368326499213        4.026845492514868027e-16      
23        4         0.14002453692500738125        2.4494160658624185263e-16     
23        5         0.58098445071953630503        1.128376577675251989e-15      
23        6         0.15395773664039305584        -1.2457820451548288696e-16    
23        7         0.54844124299906205078        -1.3336973822876647119e-15    
23        8         0.56319066613360946327        -1.7923895857838981302e-16    
23        9         0.12766340446078877635        2.8882130423246820661e-16     
23        10        0.58045877108562382585        1.7419368002321178301e-15     
23        11        0.091319088844983645203       -2.1571505535453340378e-17    
23        12        0.10017611717336609434        4.9907098227203030426e-18     
23        13        0.57776868727749630672        1.8783399297766337207e-16     
23        14        0.11438433104644328553        1.8671813908765206053e-17     
23        15        0.61916831357452417617        3.1065364378277397952e-16     
23        16        0.52464877347833061005        -3.0005811360759338284e-16    
23        17        0.17718773830275080794        -1.1869249308043628337e-17    
23        18        0.57725610436011731696        4.2461138237161798682e-17     
23        19        0.099847712049593112527       -6.1707385746574473924e-18    
23        20        0.055141235977971936322       1.8145028638007011533e-17     
23        21        0.53080477013548921228        9.747695507214440074e-17      
23        22        0.047860066414228540077       6.5090509484320381509e-18     
23        23        0.7034711023031082755         2.2561767535438819891e-16     
